Constants: T = 100, W = 5, P = 3, M = 8

########## OFFLINE ##########

t    f_in                     f_out                    L                        Q                        delta_Q                  
0    [ 20.  39. 191.]         [5.616, 16.896, 57.489]  [0.0, 0.0, 63.758]       [0.0, 0.0, 0.0]          [14.384, 22.104, 69.753] 
1    [ 24.  51. 198.]         [5.42, 17.411, 57.169]   [0.0, 0.0, 110.756]      [14.384, 22.104, 69.753] [18.58, 33.589, 30.074]  
2    [  8.  24. 106.]         [5.569, 17.749, 56.682]  [0.0, 0.0, 56.588]       [32.965, 55.694, 99.828] [2.431, 6.251, -7.27]    
3    [ 11.  25. 128.]         [5.793, 18.169, 56.037]  [0.0, 0.0, 36.342]       [35.396, 61.945, 92.558] [5.207, 6.831, 35.62]    
4    [ 4.  8. 41.]            [6.023, 18.656, 55.322]  [0.0, 0.0, 2.278]        [40.602, 68.776, 128.178][-2.023, -10.656, -16.6] 
5    [ 3. 14. 45.]            [6.325, 19.047, 54.628]  [0.0, 0.0, 2.153]        [38.579, 58.12, 111.578] [-3.325, -5.047, -11.781]
6    [ 4. 13. 50.]            [6.625, 19.356, 54.019]  [0.0, 0.0, 2.087]        [35.255, 53.073, 99.797] [-2.625, -6.356, -6.106] 
7    [ 6. 11. 31.]            [6.803, 19.596, 53.602]  [0.0, 0.0, 1.99]         [32.629, 46.717, 93.692] [-0.803, -8.596, -24.592]
8    [ 6. 12. 34.]            [6.815, 19.717, 53.468]  [0.0, 0.0, 2.021]        [31.826, 38.122, 69.1]   [-0.815, -7.717, -21.489]
9    [ 2. 16. 44.]            [6.747, 19.544, 53.71]   [0.0, 0.0, 2.135]        [31.011, 30.405, 47.611] [-4.747, -3.544, -11.845]
10   [ 2. 12. 34.]            [6.623, 18.919, 54.458]  [0.0, 0.0, 2.242]        [26.265, 26.861, 35.766] [-4.623, -6.919, -22.7]  
11   [11. 10. 49.]            [6.259, 17.844, 55.897]  [0.0, 0.0, 2.859]        [21.642, 19.942, 13.066] [4.741, -7.844, -9.756]  
12   [  8.  32. 137.]         [5.512, 16.504, 57.984]  [0.0, 0.0, 19.632]       [26.382, 12.098, 3.31]   [2.488, 15.496, 59.384]  
13   [ 11.  28. 122.]         [5.275, 15.676, 59.049]  [0.0, 0.0, 22.621]       [28.87, 27.594, 62.695]  [5.725, 12.324, 40.33]   
14   [  6.  23. 129.]         [5.315, 15.328, 59.357]  [0.0, 0.0, 20.491]       [34.595, 39.918, 103.025][0.685, 7.672, 49.153]   
15   [ 3.  8. 40.]            [5.482, 15.413, 59.106]  [0.0, 0.0, 4.013]        [35.28, 47.59, 152.178]  [-2.482, -7.413, -23.119]
16   [ 4. 15. 31.]            [5.543, 15.811, 58.646]  [0.0, 0.0, 3.57]         [32.798, 40.177, 129.059][-1.543, -0.811, -31.216]
17   [ 3.  6. 38.]            [5.55, 16.434, 58.016]   [0.0, 0.0, 3.531]        [31.255, 39.366, 97.843] [-2.55, -10.434, -23.547]
18   [ 2. 13. 39.]            [5.683, 17.083, 57.234]  [0.0, 0.0, 3.64]         [28.705, 28.932, 74.296] [-3.683, -4.083, -21.874]
19   [ 2. 12. 39.]            [5.937, 17.573, 56.49]   [0.0, 0.0, 3.873]        [25.022, 24.85, 52.422]  [-3.937, -5.573, -21.363]
20   [ 3. 13. 35.]            [6.158, 17.864, 55.977]  [0.0, 0.0, 4.455]        [21.086, 19.276, 31.059] [-3.158, -4.864, -25.432]
21   [ 12.  31. 115.]         [6.16, 17.917, 55.923]   [0.0, 0.0, 22.141]       [17.927, 14.412, 5.627]  [5.84, 13.083, 36.936]   
22   [ 12.  30. 112.]         [6.3, 18.086, 55.614]    [0.0, 0.0, 37.33]        [23.767, 27.494, 42.563] [5.7, 11.914, 19.056]    
23   [ 10.  31. 120.]         [6.536, 18.322, 55.142]  [0.0, 0.0, 54.082]       [29.467, 39.408, 61.619] [3.464, 12.678, 10.776]  
24   [ 15.  29. 121.]         [6.835, 18.581, 54.584]  [0.0, 0.0, 61.639]       [32.931, 52.087, 72.395] [8.165, 10.419, 4.777]   
25   [ 10.  24. 131.]         [7.168, 18.858, 53.974]  [0.0, 0.0, 50.386]       [41.096, 62.506, 77.172] [2.832, 5.142, 26.64]    
26   [ 4. 10. 53.]            [7.556, 19.147, 53.297]  [0.0, 0.0, 18.522]       [43.927, 67.648, 103.812][-3.556, -9.147, -18.819]
27   [ 6. 16. 33.]            [7.874, 19.407, 52.72]   [0.0, 0.0, 15.836]       [40.372, 58.501, 84.993] [-1.874, -3.407, -35.555]
28   [ 2. 12. 54.]            [8.134, 19.643, 52.223]  [0.0, 0.0, 20.297]       [38.498, 55.095, 49.437] [-6.134, -7.643, -18.519]
29   [ 19.  28. 131.]         [8.388, 19.821, 51.792]  [0.0, 0.0, 48.99]        [32.364, 47.451, 30.918] [10.612, 8.179, 30.218]  
30   [  8.  31. 121.]         [8.684, 20.037, 51.279]  [0.0, 0.0, 60.8]         [42.977, 55.631, 61.136] [-0.684, 10.963, 8.921]  
31   [ 15.  24. 104.]         [9.024, 20.314, 50.662]  [0.0, 0.0, 54.028]       [42.292, 66.594, 70.057] [5.976, 3.686, -0.69]    
32   [ 17.  25. 112.]         [9.402, 20.7, 49.898]    [0.0, 0.0, 42.378]       [48.268, 70.28, 69.367]  [7.598, 4.3, 19.724]     
33   [ 2. 14. 49.]            [9.86, 21.196, 48.944]   [0.0, 0.0, 15.397]       [55.866, 74.58, 89.091]  [-7.86, -7.196, -15.341] 
34   [ 4.  6. 35.]            [10.234, 21.797, 47.97]  [0.0, 0.0, 13.575]       [48.006, 67.384, 73.75]  [-6.234, -15.797, -26.545]
35   [ 5.  5. 43.]            [10.499, 22.596, 46.905] [0.0, 0.0, 17.136]       [41.772, 51.587, 47.206] [-5.499, -17.596, -21.041]
36   [  8.  25. 122.]         [10.762, 23.557, 45.681] [0.0, 0.0, 45.34]        [36.274, 33.991, 26.165] [-2.762, 1.443, 30.979]  
37   [ 14.  27. 140.]         [11.173, 24.738, 44.089] [0.0, 0.0, 75.968]       [33.512, 35.434, 57.144] [2.827, 2.262, 19.943]   
38   [ 12.  30. 134.]         [11.666, 26.101, 42.233] [0.0, 0.0, 87.983]       [36.339, 37.697, 77.087] [0.334, 3.899, 3.785]    
39   [ 12.  31. 127.]         [12.225, 27.607, 40.168] [0.0, 0.0, 89.283]       [36.672, 41.596, 80.872] [-0.225, 3.393, -2.451]  
40   [ 12.  28. 131.]         [12.826, 29.24, 37.933]  [0.0, 0.0, 91.887]       [36.447, 44.989, 78.42]  [-0.826, -1.24, 1.18]    
41   [ 14.  39. 130.]         [13.424, 30.992, 35.585] [0.0, 0.0, 94.041]       [35.621, 43.748, 79.6]   [0.576, 8.008, 0.374]    
42   [ 18.  25. 115.]         [13.98, 32.814, 33.206]  [0.0, 0.0, 85.959]       [36.197, 51.756, 79.975] [4.02, -7.814, -4.165]   
43   [ 16.  30. 128.]         [14.425, 34.795, 30.78]  [0.0, 0.0, 90.996]       [40.217, 43.942, 75.809] [1.575, -4.795, 6.224]   
44   [ 15.  29. 112.]         [14.735, 36.885, 28.379] [0.0, 0.0, 86.664]       [41.793, 39.147, 82.033] [0.265, -7.885, -3.043]  
45   [ 13.  23. 113.]         [14.924, 39.134, 25.942] [0.0, 0.0, 95.747]       [42.057, 31.262, 78.99]  [-1.924, -16.134, -8.69] 
46   [ 12.  60. 188.]         [15.079, 41.563, 23.359] [0.0, 0.0, 156.742]      [40.133, 15.128, 70.3]   [-3.079, 18.437, 7.899]  
47   [ 20.  54. 217.]         [15.274, 43.486, 21.24]  [0.0, 0.0, 193.106]      [37.055, 33.565, 78.2]   [4.726, 10.514, 2.654]   
48   [ 22.  50. 173.]         [15.424, 44.994, 19.582] [0.0, 0.0, 164.284]      [41.781, 44.079, 80.853] [6.576, 5.006, -10.866]  
49   [ 20.  51. 187.]         [15.564, 45.921, 18.515] [0.0, 0.0, 173.467]      [48.357, 49.085, 69.988] [4.436, 5.079, -4.982]   
50   [ 22.  56. 201.]         [15.671, 46.284, 18.045] [0.0, 0.0, 187.746]      [52.793, 54.164, 65.006] [6.329, 9.716, -4.791]   
51   [ 18.  60. 185.]         [15.684, 46.165, 18.151] [0.0, 0.0, 168.866]      [59.122, 63.88, 60.215]  [2.316, 13.835, -2.017]  
52   [  8.  35. 116.]         [15.636, 45.558, 18.806] [0.0, 0.0, 107.903]      [61.438, 77.715, 58.197] [-7.636, -10.558, -10.709]
53   [ 16.  45. 198.]         [15.833, 44.678, 19.489] [0.0, 0.0, 171.106]      [53.803, 67.156, 47.489] [0.167, 0.322, 7.405]    
54   [ 25.  55. 217.]         [15.946, 43.332, 20.722] [0.0, 0.0, 203.197]      [53.97, 67.478, 54.893]  [9.054, 11.668, -6.919]  
55   [ 19.  55. 231.]         [15.849, 41.575, 22.576] [0.0, 0.0, 214.092]      [63.024, 79.146, 47.974] [3.151, 13.425, -5.668]  
56   [ 25.  57. 201.]         [15.535, 39.446, 25.019] [0.0, 0.0, 189.669]      [66.175, 92.571, 42.306] [9.465, 17.554, -13.687] 
57   [ 26.  46. 181.]         [14.961, 36.96, 28.079]  [0.0, 0.0, 161.468]      [75.64, 110.125, 28.619] [11.039, 9.04, -8.547]   
58   [  9.  26. 106.]         [14.284, 34.159, 31.557] [0.0, 0.0, 71.447]       [86.679, 119.165, 20.072][-5.284, -8.159, 2.995]  
59   [ 13.  34. 122.]         [13.604, 31.531, 34.865] [0.0, 0.0, 85.329]       [81.396, 111.006, 23.067][-0.604, 2.469, 1.806]   
60   [ 13.  18. 124.]         [12.972, 29.044, 37.984] [0.0, 0.0, 54.14]        [80.792, 113.475, 24.873][0.028, -11.044, 31.876] 
61   [ 0. 10. 35.]            [12.059, 26.342, 40.313] [0.0, 0.0, 0.0]          [80.819, 102.431, 56.749][-12.059, -16.342, -5.313]
62   [ 3. 10. 36.]            [11.627, 24.284, 42.778] [0.0, 0.0, 0.0]          [68.76, 86.09, 51.437]   [-8.627, -14.284, -6.778]
63   [ 4. 12. 49.]            [11.262, 22.514, 44.882] [0.0, 0.0, 0.0]          [60.133, 71.805, 44.659] [-7.262, -10.514, 4.118] 
64   [ 7. 10. 36.]            [10.969, 21.09, 46.58]   [0.0, 0.0, 0.0]          [52.87, 61.291, 48.777]  [-3.969, -11.09, -10.58] 
65   [ 5. 15. 42.]            [10.753, 20.05, 47.853]  [0.0, 0.0, 0.0]          [48.901, 50.202, 38.197] [-5.753, -5.05, -5.853]  
66   [ 1. 14. 60.]            [10.669, 19.389, 48.645] [0.0, 0.0, 0.0]          [43.149, 45.151, 32.344] [-9.669, -5.389, 11.355] 
67   [ 2. 14. 38.]            [10.785, 19.108, 48.866] [0.0, 0.0, 0.0]          [33.479, 39.762, 43.699] [-8.785, -5.108, -10.866]
68   [ 2.  9. 38.]            [11.018, 19.123, 48.645] [0.0, 0.0, 0.0]          [24.694, 34.655, 32.833] [-9.018, -10.123, -10.645]
69   [ 3.  8. 38.]            [11.045, 19.659, 48.021] [0.0, 0.0, 0.0]          [15.677, 24.531, 22.188] [-8.045, -11.659, -10.021]
70   [ 3.  8. 35.]            [10.632, 20.872, 47.167] [0.0, 0.0, 0.0]          [7.632, 12.872, 12.167]  [-7.632, -12.872, -12.167]
71   [ 21.  42. 216.]         [9.467, 23.719, 46.815]  [0.0, 0.0, 92.642]       [0.0, 0.0, 0.0]          [11.533, 18.281, 76.544] 
72   [ 24.  43. 208.]         [9.075, 25.532, 45.393]  [0.0, 0.0, 155.361]      [11.533, 18.281, 76.544] [14.925, 17.468, 7.246]  
73   [ 23.  68. 216.]         [9.087, 26.788, 44.125]  [0.0, 0.0, 180.341]      [26.458, 35.75, 83.79]   [13.913, 41.212, -8.466] 
74   [ 11.  27. 119.]         [9.146, 27.62, 43.234]   [0.0, 0.0, 89.016]       [40.371, 76.961, 75.324] [1.854, -0.62, -13.25]   
75   [ 15.  35. 120.]         [9.362, 28.138, 42.5]    [0.0, 0.0, 85.106]       [42.225, 76.342, 62.074] [5.638, 6.862, -7.606]   
76   [ 10.  25. 128.]         [9.647, 28.447, 41.906]  [0.0, 0.0, 84.545]       [47.863, 83.204, 54.467] [0.353, -3.447, 1.549]   
77   [ 10.  34. 124.]         [9.95, 28.606, 41.443]   [0.0, 0.0, 84.216]       [48.216, 79.757, 56.017] [0.05, 5.394, -1.659]    
78   [ 14.  17. 121.]         [10.269, 28.635, 41.097] [0.0, 0.0, 79.642]       [48.266, 85.15, 54.358]  [3.731, -11.635, 0.262]  
79   [  8.  30. 138.]         [10.59, 28.64, 40.77]    [0.0, 0.0, 88.637]       [51.997, 73.516, 54.62]  [-2.59, 1.36, 8.593]     
80   [  9.  31. 108.]         [10.918, 28.611, 40.471] [0.0, 0.0, 71.238]       [49.407, 74.876, 63.213] [-1.918, 2.389, -3.709]  
81   [ 14.  17. 105.]         [11.258, 28.625, 40.117] [0.0, 0.0, 66.088]       [47.488, 77.265, 59.504] [2.742, -11.625, -1.205] 
82   [ 17.  22. 116.]         [11.589, 28.723, 39.688] [0.0, 0.0, 75.418]       [50.231, 65.64, 58.299]  [5.411, -6.723, 0.894]   
83   [  6.  19. 135.]         [11.932, 28.925, 39.144] [0.0, 0.0, 85.37]        [55.642, 58.917, 59.192] [-5.932, -9.925, 10.487] 
84   [ 10.  34. 127.]         [12.32, 29.227, 38.453]  [0.0, 0.0, 88.218]       [49.71, 48.992, 69.679]  [-2.32, 4.773, 0.329]    
85   [ 12.  29. 127.]         [12.799, 29.567, 37.633] [0.0, 0.0, 87.02]        [47.39, 53.765, 70.008]  [-0.799, -0.567, 2.347]  
86   [ 10.  36. 113.]         [13.388, 29.924, 36.688] [0.0, 0.0, 81.912]       [46.591, 53.197, 72.355] [-3.388, 6.076, -5.6]    
87   [  9.  29. 125.]         [14.12, 30.297, 35.583]  [0.0, 0.0, 87.427]       [43.203, 59.274, 66.755] [-5.12, -1.297, 1.99]    
88   [  9.  31. 119.]         [14.998, 30.772, 34.231] [0.0, 0.0, 96.257]       [38.082, 57.977, 68.745] [-5.998, 0.228, -11.488] 
89   [ 21.  43. 203.]         [16.044, 31.438, 32.518] [0.0, 0.0, 162.621]      [32.085, 58.205, 57.257] [4.956, 11.562, 7.861]   
90   [ 25.  56. 190.]         [17.022, 32.189, 30.789] [0.0, 0.0, 173.963]      [37.041, 69.767, 65.118] [7.978, 23.811, -14.752] 
91   [ 24.  54. 196.]         [17.799, 33.173, 29.028] [0.0, 0.0, 178.98]       [45.019, 93.578, 50.366] [6.201, 20.827, -12.008] 
92   [ 25.  45. 202.]         [18.364, 34.543, 27.093] [0.0, 0.0, 168.137]      [51.22, 114.405, 38.358] [6.636, 10.457, 6.77]    
93   [ 3. 12. 43.]            [18.86, 36.344, 24.796]  [0.0, 0.0, 17.884]       [57.856, 124.862, 45.128][-15.86, -24.344, 0.32]  
94   [ 5.  6. 41.]            [19.258, 39.009, 21.733] [0.0, 0.0, 18.603]       [41.996, 100.518, 45.448][-14.258, -33.009, 0.664]
95   [ 5.  7. 33.]            [19.624, 42.395, 17.981] [0.0, 0.0, 25.223]       [27.738, 67.509, 46.112] [-14.624, -35.395, -10.204]
96   [ 19.  28. 121.]         [19.631, 46.561, 13.809] [0.0, 0.0, 69.876]       [13.113, 32.114, 35.908] [-0.631, -18.561, 37.315]
97   [  8.  38. 121.]         [19.495, 51.554, 8.952]  [0.0, 0.0, 117.684]      [12.483, 13.554, 73.223] [-11.495, -13.554, -5.635]
98   [ 18.  57. 223.]         [18.988, 57.0, 4.012]    [0.0, 0.0, 286.576]      [0.988, 0.0, 67.588]     [-0.988, -0.0, -67.588]  
99   [ 23.  48. 238.]         [23.0, 48.0, 8.0]        [0.0, 0.0, 230.0]        [0.0, 0.0, 0.0]          [-0.0, -0.0, -0.0]       
Sum  [ 1124.  2763. 11277.]   [1124. 2763. 4099.]      [   0.    0. 7178.]      
Total15164.0                  7986.0                   7178.0                   
Total @ t=T                                                                     0.0                      -0.0                     

########## MPC ##########

t    f_in                     f_out                    w                        L                        Q                        Q_solver                 delta_Q                  
0    [20.0, 39.0, 191.0]      [11.05, 22.851, 46.099]  [[0.138, 0.138, 0.138, 0.138, 0.138, 0.138, 0.138, 0.138], [0.286, 0.286, 0.286, 0.286, 0.286, 0.286, 0.286, 0.286], [0.576, 0.576, 0.576, 0.576, 0.576, 0.576, 0.576, 0.576]][0.0, 0.0, 0.0]          [0.0, 0.0, 0.0]          [0.0, 0.0, 0.0]          [8.95, 16.149, 144.901]  
1    [24.0, 51.0, 198.0]      [11.161, 23.618, 45.221] [[0.14, 0.14, 0.14, 0.14, 0.14, 0.14, 0.14, 0.14], [0.295, 0.295, 0.295, 0.295, 0.295, 0.295, 0.295, 0.295], [0.565, 0.565, 0.565, 0.565, 0.565, 0.565, 0.565, 0.565]][0.0, 0.0, 123.0]        [8.95, 16.149, 144.901]  [8.95, 16.149, 144.901]  [12.839, 27.382, 29.779] 
2    [8.0, 24.0, 106.0]       [11.239, 24.068, 44.693] [[0.14, 0.14, 0.14, 0.14, 0.14, 0.14, 0.14, 0.14], [0.301, 0.301, 0.301, 0.301, 0.301, 0.301, 0.301, 0.301], [0.559, 0.559, 0.559, 0.559, 0.559, 0.559, 0.559, 0.559]][0.0, 0.0, 61.307]       [21.789, 43.531, 174.68] [21.789, 43.531, 174.68] [-3.239, -0.068, 0.0]    
3    [11.0, 25.0, 128.0]      [11.787, 23.974, 44.239] [[0.147, 0.147, 0.147, 0.147, 0.147, 0.147, 0.147, 0.147], [0.3, 0.3, 0.3, 0.3, 0.3, 0.3, 0.3, 0.3], [0.553, 0.553, 0.553, 0.553, 0.553, 0.553, 0.553, 0.553]][0.0, 0.0, 80.693]       [18.55, 43.463, 174.68]  [18.55, 43.463, 174.68]  [-0.787, 1.026, 3.068]   
4    [4.0, 8.0, 41.0]         [12.914, 22.419, 44.667] [[0.161, 0.161, 0.161, 0.161, 0.161, 0.161, 0.161, 0.161], [0.28, 0.28, 0.28, 0.28, 0.28, 0.28, 0.28, 0.28], [0.558, 0.558, 0.558, 0.558, 0.558, 0.558, 0.558, 0.558]][0.0, 0.0, 0.0]          [17.763, 44.49, 177.748] [17.763, 44.49, 177.748] [-8.914, -14.419, -3.667]
5    [3.0, 14.0, 45.0]        [11.848, 21.48, 44.358]  [[0.177, 0.177, 0.177, 0.177, 0.177, 0.177, 0.177, 0.177], [0.269, 0.269, 0.269, 0.269, 0.269, 0.269, 0.269, 0.269], [0.554, 0.554, 0.554, 0.554, 0.554, 0.554, 0.554, 0.554]][0.0, 0.0, 0.0]          [8.848, 30.071, 174.081] [8.848, 30.071, 174.081] [-8.848, -7.48, 0.642]   
6    [4.0, 13.0, 50.0]        [4.0, 21.121, 43.701]    [[0.19, 0.19, 0.19, 0.19, 0.19, 0.19, 0.19, 0.19], [0.264, 0.264, 0.264, 0.264, 0.264, 0.264, 0.264, 0.264], [0.546, 0.546, 0.546, 0.546, 0.546, 0.546, 0.546, 0.546]][0.0, 0.0, 0.0]          [0.0, 22.59, 174.723]    [0.0, 22.59, 174.723]    [0.0, -8.121, 6.299]     
7    [6.0, 11.0, 31.0]        [6.0, 20.57, 43.654]     [[0.197, 0.197, 0.197, 0.197, 0.197, 0.197, 0.197, 0.197], [0.257, 0.257, 0.257, 0.257, 0.257, 0.257, 0.257, 0.257], [0.546, 0.546, 0.546, 0.546, 0.546, 0.546, 0.546, 0.546]][0.0, 0.0, 0.0]          [0.0, 14.469, 181.022]   [0.0, 14.469, 181.022]   [0.0, -9.57, -12.654]    
8    [6.0, 12.0, 34.0]        [6.0, 16.899, 47.39]     [[0.178, 0.178, 0.178, 0.178, 0.178, 0.178, 0.178, 0.178], [0.23, 0.23, 0.23, 0.23, 0.23, 0.23, 0.23, 0.23], [0.592, 0.592, 0.592, 0.592, 0.592, 0.592, 0.592, 0.592]][0.0, 0.0, 0.0]          [0.0, 4.899, 168.368]    [0.0, 4.899, 168.368]    [0.0, -4.899, -13.39]    
9    [2.0, 16.0, 44.0]        [2.0, 14.668, 55.39]     [[0.124, 0.124, 0.124, 0.124, 0.124, 0.124, 0.124, 0.124], [0.183, 0.183, 0.183, 0.183, 0.183, 0.183, 0.183, 0.183], [0.692, 0.692, 0.692, 0.692, 0.692, 0.692, 0.692, 0.692]][0.0, 0.0, 0.0]          [0.0, 0.0, 154.979]      [0.0, 0.0, 154.979]      [0.0, 1.332, -11.39]     
10   [2.0, 12.0, 34.0]        [2.0, 11.544, 63.39]     [[0.063, 0.063, 0.063, 0.063, 0.063, 0.063, 0.063, 0.063], [0.144, 0.144, 0.144, 0.144, 0.144, 0.144, 0.144, 0.144], [0.792, 0.792, 0.792, 0.792, 0.792, 0.792, 0.792, 0.792]][0.0, 0.0, 0.0]          [0.0, 1.332, 143.589]    [0.0, 1.332, 143.589]    [0.0, 0.456, -29.39]     
11   [11.0, 10.0, 49.0]       [3.539, 10.971, 65.49]   [[0.044, 0.044, 0.044, 0.044, 0.044, 0.044, 0.044, 0.044], [0.137, 0.137, 0.137, 0.137, 0.137, 0.137, 0.137, 0.137], [0.819, 0.819, 0.819, 0.819, 0.819, 0.819, 0.819, 0.819]][0.0, 0.0, 0.0]          [0.0, 1.788, 114.2]      [0.0, 1.788, 114.2]      [7.461, -0.971, -16.49]  
12   [8.0, 32.0, 137.0]       [7.08, 13.193, 59.726]   [[0.089, 0.089, 0.089, 0.089, 0.089, 0.089, 0.089, 0.089], [0.165, 0.165, 0.165, 0.165, 0.165, 0.165, 0.165, 0.165], [0.747, 0.747, 0.747, 0.747, 0.747, 0.747, 0.747, 0.747]][0.0, 0.0, 0.0]          [7.461, 0.817, 97.709]   [7.461, 0.817, 97.709]   [0.92, 18.807, 77.274]   
13   [11.0, 28.0, 122.0]      [8.479, 15.537, 55.984]  [[0.106, 0.106, 0.106, 0.106, 0.106, 0.106, 0.106, 0.106], [0.194, 0.194, 0.194, 0.194, 0.194, 0.194, 0.194, 0.194], [0.7, 0.7, 0.7, 0.7, 0.7, 0.7, 0.7, 0.7]][0.0, 0.0, 43.987]       [8.381, 19.624, 174.983] [8.381, 19.624, 174.983] [2.521, 12.463, 22.029]  
14   [6.0, 23.0, 129.0]       [10.078, 17.278, 52.644] [[0.126, 0.126, 0.126, 0.126, 0.126, 0.126, 0.126, 0.126], [0.216, 0.216, 0.216, 0.216, 0.216, 0.216, 0.216, 0.216], [0.658, 0.658, 0.658, 0.658, 0.658, 0.658, 0.658, 0.658]][0.0, 0.0, 82.078]       [10.901, 32.087, 197.012][10.901, 32.087, 197.012][-4.078, 5.722, -5.722]  
15   [3.0, 8.0, 40.0]         [9.824, 17.943, 50.532]  [[0.144, 0.144, 0.144, 0.144, 0.144, 0.144, 0.144, 0.144], [0.224, 0.224, 0.224, 0.224, 0.224, 0.224, 0.224, 0.224], [0.632, 0.632, 0.632, 0.632, 0.632, 0.632, 0.632, 0.632]][0.0, 0.0, 0.0]          [6.824, 37.809, 191.29]  [6.824, 37.809, 191.29]  [-6.824, -9.943, -10.532]
16   [4.0, 15.0, 31.0]        [4.0, 18.519, 48.323]    [[0.164, 0.164, 0.164, 0.164, 0.164, 0.164, 0.164, 0.164], [0.231, 0.231, 0.231, 0.231, 0.231, 0.231, 0.231, 0.231], [0.604, 0.604, 0.604, 0.604, 0.604, 0.604, 0.604, 0.604]][0.0, 0.0, 0.0]          [0.0, 27.866, 180.758]   [0.0, 27.866, 180.758]   [0.0, -3.519, -17.323]   
17   [3.0, 6.0, 38.0]         [3.0, 17.953, 49.597]    [[0.156, 0.156, 0.156, 0.156, 0.156, 0.156, 0.156, 0.156], [0.224, 0.224, 0.224, 0.224, 0.224, 0.224, 0.224, 0.224], [0.62, 0.62, 0.62, 0.62, 0.62, 0.62, 0.62, 0.62]][0.0, 0.0, 0.0]          [0.0, 24.347, 163.435]   [0.0, 24.347, 163.435]   [0.0, -11.953, -11.597]  
18   [2.0, 13.0, 39.0]        [2.0, 18.61, 56.94]      [[0.056, 0.056, 0.056, 0.056, 0.056, 0.056, 0.056, 0.056], [0.233, 0.233, 0.233, 0.233, 0.233, 0.233, 0.233, 0.233], [0.712, 0.712, 0.712, 0.712, 0.712, 0.712, 0.712, 0.712]][0.0, 0.0, 0.0]          [0.0, 12.393, 151.838]   [0.0, 12.393, 151.838]   [0.0, -5.61, -17.94]     
19   [2.0, 12.0, 39.0]        [2.0, 14.324, 62.766]    [[0.036, 0.036, 0.036, 0.036, 0.036, 0.036, 0.036, 0.036], [0.179, 0.179, 0.179, 0.179, 0.179, 0.179, 0.179, 0.179], [0.785, 0.785, 0.785, 0.785, 0.785, 0.785, 0.785, 0.785]][0.0, 0.0, 0.0]          [0.0, 6.783, 133.898]    [0.0, 6.783, 133.898]    [0.0, -2.324, -23.766]   
20   [3.0, 13.0, 35.0]        [3.0, 13.369, 63.045]    [[0.045, 0.045, 0.045, 0.045, 0.045, 0.045, 0.045, 0.045], [0.167, 0.167, 0.167, 0.167, 0.167, 0.167, 0.167, 0.167], [0.788, 0.788, 0.788, 0.788, 0.788, 0.788, 0.788, 0.788]][0.0, 0.0, 0.0]          [0.0, 4.459, 110.132]    [0.0, 4.459, 110.132]    [0.0, -0.369, -28.045]   
21   [12.0, 31.0, 115.0]      [6.567, 15.305, 58.128]  [[0.082, 0.082, 0.082, 0.082, 0.082, 0.082, 0.082, 0.082], [0.191, 0.191, 0.191, 0.191, 0.191, 0.191, 0.191, 0.191], [0.727, 0.727, 0.727, 0.727, 0.727, 0.727, 0.727, 0.727]][0.0, 0.0, 0.0]          [0.0, 4.09, 82.087]      [0.0, 4.09, 82.087]      [5.433, 15.695, 56.872]  
22   [12.0, 30.0, 112.0]      [8.344, 17.291, 54.365]  [[0.104, 0.104, 0.104, 0.104, 0.104, 0.104, 0.104, 0.104], [0.216, 0.216, 0.216, 0.216, 0.216, 0.216, 0.216, 0.216], [0.68, 0.68, 0.68, 0.68, 0.68, 0.68, 0.68, 0.68]][0.0, 0.0, 0.0]          [5.433, 19.784, 138.959] [5.433, 19.784, 138.959] [3.656, 12.709, 57.635]  
23   [10.0, 31.0, 120.0]      [8.948, 19.43, 51.623]   [[0.112, 0.112, 0.112, 0.112, 0.112, 0.112, 0.112, 0.112], [0.243, 0.243, 0.243, 0.243, 0.243, 0.243, 0.243, 0.243], [0.645, 0.645, 0.645, 0.645, 0.645, 0.645, 0.645, 0.645]][0.0, 0.0, 79.176]       [9.089, 32.494, 196.594] [9.089, 32.494, 196.594] [1.052, 11.57, -10.799]  
24   [15.0, 29.0, 121.0]      [8.958, 20.931, 50.111]  [[0.112, 0.112, 0.112, 0.112, 0.112, 0.112, 0.112, 0.112], [0.262, 0.262, 0.262, 0.262, 0.262, 0.262, 0.262, 0.262], [0.626, 0.626, 0.626, 0.626, 0.626, 0.626, 0.626, 0.626]][0.0, 0.0, 85.0]         [10.141, 44.064, 185.795][10.141, 44.064, 185.795][6.042, 8.069, -14.111]  
25   [10.0, 24.0, 131.0]      [7.981, 22.028, 49.99]   [[0.1, 0.1, 0.1, 0.1, 0.1, 0.1, 0.1, 0.1], [0.275, 0.275, 0.275, 0.275, 0.275, 0.275, 0.275, 0.275], [0.625, 0.625, 0.625, 0.625, 0.625, 0.625, 0.625, 0.625]][0.0, 0.0, 85.0]         [16.183, 52.133, 171.684][16.183, 52.133, 171.684][2.019, 1.972, -3.99]    
26   [4.0, 10.0, 53.0]        [7.626, 22.465, 49.909]  [[0.095, 0.095, 0.095, 0.095, 0.095, 0.095, 0.095, 0.095], [0.281, 0.281, 0.281, 0.281, 0.281, 0.281, 0.281, 0.281], [0.624, 0.624, 0.624, 0.624, 0.624, 0.624, 0.624, 0.624]][0.0, 0.0, 3.091]        [18.202, 54.105, 167.693][18.202, 54.105, 167.693][-3.626, -12.465, 0.0]   
27   [6.0, 16.0, 33.0]        [7.416, 23.052, 49.532]  [[0.093, 0.093, 0.093, 0.093, 0.093, 0.093, 0.093, 0.093], [0.288, 0.288, 0.288, 0.288, 0.288, 0.288, 0.288, 0.288], [0.619, 0.619, 0.619, 0.619, 0.619, 0.619, 0.619, 0.619]][0.0, 0.0, 0.0]          [14.575, 41.64, 167.693] [14.575, 41.64, 167.693] [-1.416, -7.052, -16.532]
28   [2.0, 12.0, 54.0]        [8.641, 23.698, 47.661]  [[0.108, 0.108, 0.108, 0.108, 0.108, 0.108, 0.108, 0.108], [0.296, 0.296, 0.296, 0.296, 0.296, 0.296, 0.296, 0.296], [0.596, 0.596, 0.596, 0.596, 0.596, 0.596, 0.596, 0.596]][0.0, 0.0, 0.0]          [13.159, 34.589, 151.161][13.159, 34.589, 151.161][-6.641, -11.698, 6.339] 
29   [19.0, 28.0, 131.0]      [9.156, 23.566, 47.278]  [[0.114, 0.114, 0.114, 0.114, 0.114, 0.114, 0.114, 0.114], [0.295, 0.295, 0.295, 0.295, 0.295, 0.295, 0.295, 0.295], [0.591, 0.591, 0.591, 0.591, 0.591, 0.591, 0.591, 0.591]][0.0, 0.0, 44.909]       [6.518, 22.891, 157.5]   [6.518, 22.891, 157.5]   [9.844, 4.434, 38.813]   
30   [8.0, 31.0, 121.0]       [10.544, 23.31, 46.146]  [[0.132, 0.132, 0.132, 0.132, 0.132, 0.132, 0.132, 0.132], [0.291, 0.291, 0.291, 0.291, 0.291, 0.291, 0.291, 0.291], [0.577, 0.577, 0.577, 0.577, 0.577, 0.577, 0.577, 0.577]][0.0, 0.0, 82.544]       [16.362, 27.325, 196.313][16.362, 27.325, 196.313][-2.544, 7.69, -7.69]    
31   [15.0, 24.0, 104.0]      [11.462, 23.418, 45.119] [[0.143, 0.143, 0.143, 0.143, 0.143, 0.143, 0.143, 0.143], [0.293, 0.293, 0.293, 0.293, 0.293, 0.293, 0.293, 0.293], [0.564, 0.564, 0.564, 0.564, 0.564, 0.564, 0.564, 0.564]][0.0, 0.0, 60.456]       [13.818, 35.015, 188.624][13.818, 35.015, 188.624][3.538, 0.582, -1.575]   
32   [17.0, 25.0, 112.0]      [9.537, 22.556, 47.907]  [[0.119, 0.119, 0.119, 0.119, 0.119, 0.119, 0.119, 0.119], [0.282, 0.282, 0.282, 0.282, 0.282, 0.282, 0.282, 0.282], [0.599, 0.599, 0.599, 0.599, 0.599, 0.599, 0.599, 0.599]][0.0, 0.0, 74.0]         [17.356, 35.596, 187.048][17.356, 35.596, 187.048][7.463, 2.444, -9.907]   
33   [2.0, 14.0, 49.0]        [9.813, 20.677, 49.51]   [[0.123, 0.123, 0.123, 0.123, 0.123, 0.123, 0.123, 0.123], [0.258, 0.258, 0.258, 0.258, 0.258, 0.258, 0.258, 0.258], [0.619, 0.619, 0.619, 0.619, 0.619, 0.619, 0.619, 0.619]][0.0, 0.0, 0.0]          [24.818, 38.041, 177.141][24.818, 38.041, 177.141][-7.813, -6.677, -0.51]  
34   [4.0, 6.0, 35.0]         [9.465, 20.597, 49.938]  [[0.118, 0.118, 0.118, 0.118, 0.118, 0.118, 0.118, 0.118], [0.257, 0.257, 0.257, 0.257, 0.257, 0.257, 0.257, 0.257], [0.624, 0.624, 0.624, 0.624, 0.624, 0.624, 0.624, 0.624]][0.0, 0.0, 0.0]          [17.005, 31.364, 176.631][17.005, 31.364, 176.631][-5.465, -14.597, -14.938]
35   [5.0, 5.0, 43.0]         [9.548, 21.04, 49.412]   [[0.119, 0.119, 0.119, 0.119, 0.119, 0.119, 0.119, 0.119], [0.263, 0.263, 0.263, 0.263, 0.263, 0.263, 0.263, 0.263], [0.618, 0.618, 0.618, 0.618, 0.618, 0.618, 0.618, 0.618]][0.0, 0.0, 0.0]          [11.54, 16.767, 161.693] [11.54, 16.767, 161.693] [-4.548, -16.04, -6.412] 
36   [8.0, 25.0, 122.0]       [9.919, 20.502, 49.579]  [[0.124, 0.124, 0.124, 0.124, 0.124, 0.124, 0.124, 0.124], [0.256, 0.256, 0.256, 0.256, 0.256, 0.256, 0.256, 0.256], [0.62, 0.62, 0.62, 0.62, 0.62, 0.62, 0.62, 0.62]][0.0, 0.0, 0.0]          [6.991, 0.728, 155.281]  [6.991, 0.728, 155.281]  [-1.919, 4.498, 72.421]  
37   [14.0, 27.0, 140.0]      [9.677, 20.956, 49.367]  [[0.121, 0.121, 0.121, 0.121, 0.121, 0.121, 0.121, 0.121], [0.262, 0.262, 0.262, 0.262, 0.262, 0.262, 0.262, 0.262], [0.617, 0.617, 0.617, 0.617, 0.617, 0.617, 0.617, 0.617]][0.0, 0.0, 99.0]         [5.072, 5.225, 227.703]  [5.072, 5.225, 227.703]  [4.323, 6.044, -8.367]   
38   [12.0, 30.0, 134.0]      [10.139, 21.709, 48.152] [[0.127, 0.127, 0.127, 0.127, 0.127, 0.127, 0.127, 0.127], [0.271, 0.271, 0.271, 0.271, 0.271, 0.271, 0.271, 0.271], [0.602, 0.602, 0.602, 0.602, 0.602, 0.602, 0.602, 0.602]][0.0, 0.0, 96.0]         [9.395, 11.269, 219.336] [9.395, 11.269, 219.336] [1.861, 8.291, -10.152]  
39   [12.0, 31.0, 127.0]      [10.564, 22.582, 46.854] [[0.132, 0.132, 0.132, 0.132, 0.132, 0.132, 0.132, 0.132], [0.282, 0.282, 0.282, 0.282, 0.282, 0.282, 0.282, 0.282], [0.586, 0.586, 0.586, 0.586, 0.586, 0.586, 0.586, 0.586]][0.0, 0.0, 90.0]         [11.256, 19.56, 209.184] [11.256, 19.56, 209.184] [1.436, 8.418, -9.854]   
40   [12.0, 28.0, 131.0]      [10.915, 23.522, 45.563] [[0.136, 0.136, 0.136, 0.136, 0.136, 0.136, 0.136, 0.136], [0.294, 0.294, 0.294, 0.294, 0.294, 0.294, 0.294, 0.294], [0.57, 0.57, 0.57, 0.57, 0.57, 0.57, 0.57, 0.57]][0.0, 0.0, 91.0]         [12.692, 27.978, 199.33] [12.692, 27.978, 199.33] [1.085, 4.478, -5.563]   
41   [14.0, 39.0, 130.0]      [11.217, 24.36, 44.423]  [[0.14, 0.14, 0.14, 0.14, 0.14, 0.14, 0.14, 0.14], [0.304, 0.304, 0.304, 0.304, 0.304, 0.304, 0.304, 0.304], [0.555, 0.555, 0.555, 0.555, 0.555, 0.555, 0.555, 0.555]][0.0, 0.0, 103.0]        [13.777, 32.456, 193.767][13.777, 32.456, 193.767][2.783, 14.64, -17.423]  
42   [18.0, 25.0, 115.0]      [11.495, 25.101, 43.404] [[0.144, 0.144, 0.144, 0.144, 0.144, 0.144, 0.144, 0.144], [0.314, 0.314, 0.314, 0.314, 0.314, 0.314, 0.314, 0.314], [0.543, 0.543, 0.543, 0.543, 0.543, 0.543, 0.543, 0.543]][0.0, 0.0, 78.101]       [16.56, 47.096, 176.345] [16.56, 47.096, 176.345] [6.505, -0.101, -6.505]  
43   [16.0, 30.0, 128.0]      [13.396, 26.016, 40.588] [[0.167, 0.167, 0.167, 0.167, 0.167, 0.167, 0.167, 0.167], [0.325, 0.325, 0.325, 0.325, 0.325, 0.325, 0.325, 0.325], [0.507, 0.507, 0.507, 0.507, 0.507, 0.507, 0.507, 0.507]][0.0, 0.0, 93.899]       [23.064, 46.995, 169.84] [23.064, 46.995, 169.84] [2.604, 3.984, -6.487]   
44   [15.0, 29.0, 112.0]      [15.056, 27.113, 37.831] [[0.188, 0.188, 0.188, 0.188, 0.188, 0.188, 0.188, 0.188], [0.339, 0.339, 0.339, 0.339, 0.339, 0.339, 0.339, 0.339], [0.473, 0.473, 0.473, 0.473, 0.473, 0.473, 0.473, 0.473]][0.0, 0.0, 76.056]       [25.668, 50.979, 163.353][25.668, 50.979, 163.353][-0.056, 1.887, -1.887]  
45   [13.0, 23.0, 113.0]      [16.215, 28.736, 35.05]  [[0.203, 0.203, 0.203, 0.203, 0.203, 0.203, 0.203, 0.203], [0.359, 0.359, 0.359, 0.359, 0.359, 0.359, 0.359, 0.359], [0.438, 0.438, 0.438, 0.438, 0.438, 0.438, 0.438, 0.438]][0.0, 0.0, 77.894]       [25.612, 52.866, 161.466][25.612, 52.866, 161.466][-3.215, -5.736, 0.056]  
46   [12.0, 60.0, 188.0]      [17.645, 29.948, 32.407] [[0.221, 0.221, 0.221, 0.221, 0.221, 0.221, 0.221, 0.221], [0.374, 0.374, 0.374, 0.374, 0.374, 0.374, 0.374, 0.374], [0.405, 0.405, 0.405, 0.405, 0.405, 0.405, 0.405, 0.405]][0.0, 0.0, 171.05]       [22.397, 47.131, 161.522][22.397, 47.131, 161.522][-5.645, 30.052, -15.456]
47   [20.0, 54.0, 217.0]      [18.167, 31.905, 29.928] [[0.227, 0.227, 0.227, 0.227, 0.227, 0.227, 0.227, 0.227], [0.399, 0.399, 0.399, 0.399, 0.399, 0.399, 0.399, 0.399], [0.374, 0.374, 0.374, 0.374, 0.374, 0.374, 0.374, 0.374]][0.0, 0.0, 211.0]        [16.752, 77.182, 146.066][16.752, 77.182, 146.066][1.833, 22.095, -23.928] 
48   [22.0, 50.0, 173.0]      [18.241, 33.612, 28.147] [[0.228, 0.228, 0.228, 0.228, 0.228, 0.228, 0.228, 0.228], [0.42, 0.42, 0.42, 0.42, 0.42, 0.42, 0.42, 0.42], [0.352, 0.352, 0.352, 0.352, 0.352, 0.352, 0.352, 0.352]][0.0, 0.0, 165.0]        [18.585, 99.278, 122.137][18.585, 99.278, 122.137][3.759, 16.388, -20.147] 
49   [20.0, 51.0, 187.0]      [18.917, 35.11, 25.972]  [[0.236, 0.236, 0.236, 0.236, 0.236, 0.236, 0.236, 0.236], [0.439, 0.439, 0.439, 0.439, 0.439, 0.439, 0.439, 0.439], [0.325, 0.325, 0.325, 0.325, 0.325, 0.325, 0.325, 0.325]][0.0, 0.0, 178.0]        [22.344, 115.666, 101.991][22.344, 115.666, 101.991][1.083, 15.89, -16.972]  
50   [22.0, 56.0, 201.0]      [19.142, 36.844, 24.014] [[0.239, 0.239, 0.239, 0.239, 0.239, 0.239, 0.239, 0.239], [0.461, 0.461, 0.461, 0.461, 0.461, 0.461, 0.461, 0.461], [0.3, 0.3, 0.3, 0.3, 0.3, 0.3, 0.3, 0.3]][0.0, 0.0, 199.0]        [23.426, 131.555, 85.019][23.426, 131.555, 85.019][2.858, 19.156, -22.014] 
51   [18.0, 60.0, 185.0]      [19.836, 38.078, 22.085] [[0.248, 0.248, 0.248, 0.248, 0.248, 0.248, 0.248, 0.248], [0.476, 0.476, 0.476, 0.476, 0.476, 0.476, 0.476, 0.476], [0.276, 0.276, 0.276, 0.276, 0.276, 0.276, 0.276, 0.276]][0.0, 0.0, 184.836]      [26.284, 150.711, 63.005][26.284, 150.711, 63.005][-1.836, 21.922, -21.922]
52   [8.0, 35.0, 116.0]       [19.625, 39.501, 20.874] [[0.245, 0.245, 0.245, 0.245, 0.245, 0.245, 0.245, 0.245], [0.494, 0.494, 0.494, 0.494, 0.494, 0.494, 0.494, 0.494], [0.261, 0.261, 0.261, 0.261, 0.261, 0.261, 0.261, 0.261]][0.0, 0.0, 93.29]        [24.448, 172.633, 41.083][24.448, 172.633, 41.083][-11.625, -4.501, 1.836] 
53   [16.0, 45.0, 198.0]      [19.977, 40.775, 19.248] [[0.25, 0.25, 0.25, 0.25, 0.25, 0.25, 0.25, 0.25], [0.51, 0.51, 0.51, 0.51, 0.51, 0.51, 0.51, 0.51], [0.241, 0.241, 0.241, 0.241, 0.241, 0.241, 0.241, 0.241]][0.0, 0.0, 162.874]      [12.823, 168.132, 42.919][12.823, 168.132, 42.919][-3.977, 4.225, 15.878]  
54   [25.0, 55.0, 217.0]      [18.892, 42.405, 18.702] [[0.236, 0.236, 0.236, 0.236, 0.236, 0.236, 0.236, 0.236], [0.53, 0.53, 0.53, 0.53, 0.53, 0.53, 0.53, 0.53], [0.234, 0.234, 0.234, 0.234, 0.234, 0.234, 0.234, 0.234]][0.0, 0.0, 217.0]        [8.846, 172.357, 58.797] [8.846, 172.357, 58.797] [6.108, 12.595, -18.702] 
55   [19.0, 55.0, 231.0]      [19.043, 43.845, 17.112] [[0.238, 0.238, 0.238, 0.238, 0.238, 0.238, 0.238, 0.238], [0.548, 0.548, 0.548, 0.548, 0.548, 0.548, 0.548, 0.548], [0.214, 0.214, 0.214, 0.214, 0.214, 0.214, 0.214, 0.214]][0.0, 0.0, 225.043]      [14.953, 184.952, 40.095][14.953, 184.952, 40.095][-0.043, 11.155, -11.155]
56   [25.0, 57.0, 201.0]      [18.09, 44.847, 17.063]  [[0.226, 0.226, 0.226, 0.226, 0.226, 0.226, 0.226, 0.226], [0.561, 0.561, 0.561, 0.561, 0.561, 0.561, 0.561, 0.561], [0.213, 0.213, 0.213, 0.213, 0.213, 0.213, 0.213, 0.213]][0.0, 0.0, 202.957]      [14.91, 196.107, 28.94]  [14.91, 196.107, 28.94]  [6.91, 12.153, -19.02]   
57   [26.0, 46.0, 181.0]      [17.832, 47.416, 14.752] [[0.223, 0.223, 0.223, 0.223, 0.223, 0.223, 0.223, 0.223], [0.593, 0.593, 0.593, 0.593, 0.593, 0.593, 0.593, 0.593], [0.184, 0.184, 0.184, 0.184, 0.184, 0.184, 0.184, 0.184]][0.0, 0.0, 174.416]      [21.82, 208.26, 9.92]    [21.82, 208.26, 9.92]    [8.168, -1.416, -8.168]  
58   [9.0, 26.0, 106.0]       [15.785, 47.107, 17.108] [[0.197, 0.197, 0.197, 0.197, 0.197, 0.197, 0.197, 0.197], [0.589, 0.589, 0.589, 0.589, 0.589, 0.589, 0.589, 0.589], [0.214, 0.214, 0.214, 0.214, 0.214, 0.214, 0.214, 0.214]][0.0, 0.0, 87.476]       [29.989, 206.844, 1.751] [29.989, 206.844, 1.751] [-6.785, -21.107, 1.416] 
59   [13.0, 34.0, 122.0]      [13.502, 45.415, 21.082] [[0.169, 0.169, 0.169, 0.169, 0.169, 0.169, 0.169, 0.169], [0.568, 0.568, 0.568, 0.568, 0.568, 0.568, 0.568, 0.568], [0.264, 0.264, 0.264, 0.264, 0.264, 0.264, 0.264, 0.264]][0.0, 0.0, 73.025]       [23.203, 185.737, 3.167] [23.203, 185.737, 3.167] [-0.502, -11.415, 27.892]
60   [13.0, 18.0, 124.0]      [12.552, 42.94, 24.508]  [[0.157, 0.157, 0.157, 0.157, 0.157, 0.157, 0.157, 0.157], [0.537, 0.537, 0.537, 0.537, 0.537, 0.537, 0.537, 0.537], [0.306, 0.306, 0.306, 0.306, 0.306, 0.306, 0.306, 0.306]][0.0, 0.0, 87.575]       [22.701, 174.322, 31.059][22.701, 174.322, 31.059][0.448, -24.94, 11.918]  
61   [0.0, 10.0, 35.0]        [13.963, 39.987, 26.05]  [[0.175, 0.175, 0.175, 0.175, 0.175, 0.175, 0.175, 0.175], [0.5, 0.5, 0.5, 0.5, 0.5, 0.5, 0.5, 0.5], [0.326, 0.326, 0.326, 0.326, 0.326, 0.326, 0.326, 0.326]][0.0, 0.0, 0.0]          [23.149, 149.381, 42.977][23.149, 149.381, 42.977][-13.963, -29.987, 8.95] 
62   [3.0, 10.0, 36.0]        [12.187, 37.262, 26.908] [[0.198, 0.198, 0.198, 0.198, 0.198, 0.198, 0.198, 0.196], [0.465, 0.465, 0.465, 0.465, 0.465, 0.465, 0.465, 0.471], [0.337, 0.337, 0.337, 0.337, 0.337, 0.337, 0.337, 0.333]][0.0, 0.0, 0.0]          [9.187, 119.394, 51.927] [9.187, 119.394, 51.927] [-9.187, -27.262, 9.092] 
63   [4.0, 12.0, 49.0]        [4.0, 34.996, 27.729]    [[0.219, 0.219, 0.219, 0.219, 0.219, 0.219, 0.219, 0.193], [0.431, 0.432, 0.432, 0.432, 0.432, 0.432, 0.432, 0.479], [0.35, 0.349, 0.349, 0.349, 0.349, 0.349, 0.349, 0.328]][0.0, 0.0, 0.0]          [0.0, 92.132, 61.019]    [0.0, 92.132, 61.019]    [0.0, -22.996, 21.271]   
64   [7.0, 10.0, 36.0]        [7.0, 32.716, 28.867]    [[0.233, 0.233, 0.233, 0.233, 0.233, 0.233, 0.233, 0.214], [0.404, 0.404, 0.404, 0.404, 0.404, 0.404, 0.404, 0.441], [0.363, 0.363, 0.363, 0.363, 0.363, 0.363, 0.363, 0.346]][0.0, 0.0, 0.0]          [0.0, 69.136, 82.291]    [0.0, 69.136, 82.291]    [0.0, -22.716, 7.133]    
65   [5.0, 15.0, 42.0]        [5.0, 30.847, 29.757]    [[0.244, 0.244, 0.244, 0.244, 0.244, 0.244, 0.244, 0.23], [0.382, 0.382, 0.382, 0.382, 0.382, 0.382, 0.382, 0.41], [0.374, 0.374, 0.374, 0.374, 0.374, 0.374, 0.374, 0.359]][0.0, 0.0, 0.0]          [0.0, 46.42, 89.424]     [0.0, 46.42, 89.424]     [0.0, -15.847, 12.243]   
66   [1.0, 14.0, 60.0]        [1.0, 29.48, 30.651]     [[0.249, 0.249, 0.249, 0.249, 0.249, 0.249, 0.249, 0.244], [0.366, 0.367, 0.367, 0.367, 0.367, 0.367, 0.367, 0.381], [0.385, 0.384, 0.384, 0.384, 0.384, 0.384, 0.384, 0.374]][0.0, 0.0, 0.0]          [0.0, 30.572, 101.667]   [0.0, 30.572, 101.667]   [0.0, -15.48, 29.349]    
67   [2.0, 14.0, 38.0]        [2.0, 24.92, 38.651]     [[0.206, 0.206, 0.206, 0.206, 0.206, 0.206, 0.206, 0.204], [0.31, 0.31, 0.31, 0.31, 0.31, 0.31, 0.31, 0.322], [0.485, 0.484, 0.484, 0.484, 0.484, 0.484, 0.484, 0.474]][0.0, 0.0, 0.0]          [0.0, 15.093, 131.016]   [0.0, 15.093, 131.016]   [0.0, -10.92, -0.651]    
68   [2.0, 9.0, 38.0]         [2.0, 13.172, 46.651]    [[0.162, 0.162, 0.162, 0.162, 0.162, 0.162, 0.162, 0.162], [0.253, 0.253, 0.253, 0.253, 0.253, 0.253, 0.253, 0.264], [0.585, 0.584, 0.584, 0.584, 0.584, 0.584, 0.584, 0.574]][0.0, 0.0, 0.0]          [0.0, 4.172, 130.364]    [0.0, 4.172, 130.364]    [0.0, -4.172, -8.651]    
69   [3.0, 8.0, 38.0]         [3.0, 8.0, 54.651]       [[0.118, 0.118, 0.118, 0.118, 0.118, 0.118, 0.118, 0.118], [0.198, 0.198, 0.198, 0.198, 0.198, 0.198, 0.198, 0.207], [0.685, 0.684, 0.684, 0.684, 0.684, 0.684, 0.684, 0.674]][0.0, 0.0, 0.0]          [0.0, 0.0, 121.713]      [0.0, 0.0, 121.713]      [0.0, 0.0, -16.651]      
70   [3.0, 8.0, 35.0]         [3.0, 8.0, 62.651]       [[0.082, 0.082, 0.082, 0.082, 0.082, 0.082, 0.082, 0.083], [0.134, 0.134, 0.134, 0.134, 0.134, 0.134, 0.134, 0.142], [0.785, 0.784, 0.784, 0.784, 0.784, 0.784, 0.784, 0.774]][0.0, 0.0, 0.0]          [0.0, 0.0, 105.062]      [0.0, 0.0, 105.062]      [0.0, 0.0, -27.651]      
71   [21.0, 42.0, 216.0]      [9.391, 13.254, 57.355]  [[0.117, 0.117, 0.117, 0.117, 0.117, 0.117, 0.117, 0.119], [0.165, 0.165, 0.165, 0.165, 0.165, 0.165, 0.165, 0.172], [0.718, 0.718, 0.718, 0.718, 0.718, 0.718, 0.718, 0.709]][0.0, 0.0, 36.41]        [0.0, 0.0, 77.41]        [0.0, 0.0, 77.41]        [11.609, 28.746, 122.234]
72   [24.0, 43.0, 208.0]      [11.158, 16.549, 52.293] [[0.139, 0.139, 0.139, 0.139, 0.139, 0.139, 0.139, 0.141], [0.206, 0.206, 0.206, 0.206, 0.206, 0.206, 0.206, 0.212], [0.655, 0.655, 0.655, 0.655, 0.655, 0.655, 0.655, 0.647]][0.0, 0.0, 195.0]        [11.609, 28.746, 199.645][11.609, 28.746, 199.645][12.842, 26.451, -39.293]
73   [23.0, 68.0, 216.0]      [12.765, 19.74, 47.494]  [[0.159, 0.159, 0.159, 0.159, 0.159, 0.159, 0.159, 0.161], [0.246, 0.246, 0.246, 0.246, 0.246, 0.246, 0.246, 0.252], [0.595, 0.595, 0.595, 0.595, 0.595, 0.595, 0.595, 0.587]][0.0, 0.0, 227.0]        [24.451, 55.197, 160.352][24.451, 55.197, 160.352][10.235, 48.26, -58.494] 
74   [11.0, 27.0, 119.0]      [14.269, 22.362, 43.368] [[0.178, 0.178, 0.178, 0.178, 0.178, 0.178, 0.178, 0.18], [0.279, 0.279, 0.279, 0.279, 0.279, 0.279, 0.279, 0.284], [0.543, 0.543, 0.543, 0.543, 0.543, 0.543, 0.543, 0.537]][0.0, 0.0, 80.269]       [34.685, 103.457, 101.857][34.685, 103.457, 101.857][-3.269, 4.638, -4.638]  
75   [15.0, 35.0, 120.0]      [14.866, 24.896, 40.239] [[0.186, 0.186, 0.186, 0.186, 0.186, 0.186, 0.186, 0.187], [0.311, 0.311, 0.311, 0.311, 0.311, 0.311, 0.311, 0.315], [0.504, 0.504, 0.504, 0.504, 0.504, 0.504, 0.504, 0.499]][0.0, 0.0, 86.731]       [31.416, 108.095, 97.22] [31.416, 108.095, 97.22] [0.134, 10.104, -6.97]   
76   [10.0, 25.0, 128.0]      [15.27, 27.084, 37.646]  [[0.191, 0.191, 0.191, 0.191, 0.191, 0.191, 0.191, 0.191], [0.338, 0.338, 0.338, 0.338, 0.338, 0.338, 0.338, 0.342], [0.471, 0.471, 0.471, 0.471, 0.471, 0.471, 0.471, 0.467]][0.0, 0.0, 90.354]       [31.55, 118.199, 90.25]  [31.55, 118.199, 90.25]  [-5.27, -2.084, 0.0]     
77   [10.0, 34.0, 124.0]      [14.6, 29.3, 36.1]       [[0.182, 0.182, 0.182, 0.182, 0.182, 0.182, 0.182, 0.183], [0.366, 0.366, 0.366, 0.366, 0.366, 0.366, 0.366, 0.369], [0.452, 0.452, 0.452, 0.452, 0.452, 0.452, 0.452, 0.448]][0.0, 0.0, 80.646]       [26.28, 116.115, 90.25]  [26.28, 116.115, 90.25]  [-4.6, 4.7, 7.254]       
78   [14.0, 17.0, 121.0]      [13.695, 31.277, 35.027] [[0.171, 0.171, 0.171, 0.171, 0.171, 0.171, 0.171, 0.171], [0.391, 0.391, 0.391, 0.391, 0.391, 0.391, 0.391, 0.393], [0.438, 0.438, 0.438, 0.438, 0.438, 0.438, 0.438, 0.435]][0.0, 0.0, 86.277]       [21.68, 120.815, 97.505] [21.68, 120.815, 97.505] [0.305, -14.277, -0.305] 
79   [8.0, 30.0, 138.0]       [13.239, 32.431, 34.33]  [[0.165, 0.165, 0.165, 0.165, 0.165, 0.165, 0.165, 0.166], [0.405, 0.405, 0.405, 0.405, 0.405, 0.405, 0.405, 0.407], [0.429, 0.429, 0.429, 0.429, 0.429, 0.429, 0.429, 0.427]][0.0, 0.0, 89.392]       [21.985, 106.538, 97.2]  [21.985, 106.538, 97.2]  [-5.239, -2.431, 14.277] 
80   [9.0, 31.0, 108.0]       [12.409, 33.449, 34.142] [[0.155, 0.155, 0.155, 0.155, 0.155, 0.155, 0.155, 0.155], [0.418, 0.418, 0.418, 0.418, 0.418, 0.418, 0.418, 0.42], [0.427, 0.427, 0.427, 0.427, 0.427, 0.427, 0.427, 0.425]][0.0, 0.0, 66.189]       [16.746, 104.107, 111.477][16.746, 104.107, 111.477][-3.409, -2.449, 7.67]   
81   [14.0, 17.0, 105.0]      [11.552, 34.267, 34.181] [[0.144, 0.144, 0.144, 0.144, 0.144, 0.144, 0.144, 0.145], [0.428, 0.428, 0.428, 0.428, 0.428, 0.428, 0.428, 0.43], [0.427, 0.427, 0.427, 0.427, 0.427, 0.427, 0.427, 0.426]][0.0, 0.0, 64.96]        [13.337, 101.658, 119.147][13.337, 101.658, 119.147][2.448, -17.267, 5.858]  
82   [17.0, 22.0, 116.0]      [11.796, 33.949, 34.255] [[0.147, 0.147, 0.147, 0.147, 0.147, 0.147, 0.147, 0.148], [0.424, 0.424, 0.424, 0.424, 0.424, 0.424, 0.424, 0.425], [0.428, 0.428, 0.428, 0.428, 0.428, 0.428, 0.428, 0.427]][0.0, 0.0, 66.926]       [15.786, 84.391, 125.005][15.786, 84.391, 125.005][5.204, -11.949, 14.819] 
83   [6.0, 19.0, 135.0]       [12.265, 33.246, 34.489] [[0.153, 0.153, 0.153, 0.153, 0.153, 0.153, 0.153, 0.153], [0.415, 0.415, 0.415, 0.415, 0.415, 0.415, 0.415, 0.416], [0.431, 0.431, 0.431, 0.431, 0.431, 0.431, 0.431, 0.43]][0.0, 0.0, 93.766]       [20.99, 72.442, 139.824] [20.99, 72.442, 139.824] [-6.265, -14.246, 6.745] 
84   [10.0, 34.0, 127.0]      [11.988, 32.578, 35.434] [[0.15, 0.15, 0.15, 0.15, 0.15, 0.15, 0.15, 0.15], [0.407, 0.407, 0.407, 0.407, 0.407, 0.407, 0.407, 0.408], [0.443, 0.443, 0.443, 0.443, 0.443, 0.443, 0.443, 0.442]][0.0, 0.0, 71.055]       [14.725, 58.196, 146.568][14.725, 58.196, 146.568][-1.988, 1.422, 20.511]  
85   [12.0, 29.0, 127.0]      [11.174, 32.193, 36.633] [[0.14, 0.14, 0.14, 0.14, 0.14, 0.14, 0.14, 0.14], [0.402, 0.402, 0.402, 0.402, 0.402, 0.402, 0.402, 0.403], [0.458, 0.458, 0.458, 0.458, 0.458, 0.458, 0.458, 0.457]][0.0, 0.0, 90.062]       [12.737, 59.618, 167.079][12.737, 59.618, 167.079][0.826, -3.193, 0.306]   
86   [10.0, 36.0, 113.0]      [11.565, 31.693, 36.742] [[0.145, 0.145, 0.145, 0.145, 0.145, 0.145, 0.145, 0.145], [0.396, 0.396, 0.396, 0.396, 0.396, 0.396, 0.396, 0.397], [0.459, 0.459, 0.459, 0.459, 0.459, 0.459, 0.459, 0.459]][0.0, 0.0, 76.373]       [13.563, 56.425, 167.385][13.563, 56.425, 167.385][-1.565, 4.307, -0.114]  
87   [9.0, 29.0, 125.0]       [12.061, 31.653, 36.286] [[0.151, 0.151, 0.151, 0.151, 0.151, 0.151, 0.151, 0.151], [0.396, 0.396, 0.396, 0.396, 0.396, 0.396, 0.396, 0.396], [0.454, 0.454, 0.454, 0.454, 0.454, 0.454, 0.454, 0.453]][0.0, 0.0, 88.714]       [11.998, 60.732, 167.27] [11.998, 60.732, 167.27] [-3.061, -2.653, 0.0]    
88   [9.0, 31.0, 119.0]       [12.72, 31.811, 35.469]  [[0.159, 0.159, 0.159, 0.159, 0.159, 0.159, 0.159, 0.159], [0.398, 0.398, 0.398, 0.398, 0.398, 0.398, 0.398, 0.398], [0.443, 0.443, 0.443, 0.443, 0.443, 0.443, 0.443, 0.443]][0.0, 0.0, 77.817]       [8.937, 58.078, 167.27]  [8.937, 58.078, 167.27]  [-3.72, -0.811, 5.714]   
89   [21.0, 43.0, 203.0]      [12.861, 33.149, 33.991] [[0.161, 0.161, 0.161, 0.161, 0.161, 0.161, 0.161, 0.161], [0.414, 0.414, 0.414, 0.414, 0.414, 0.414, 0.414, 0.415], [0.425, 0.425, 0.425, 0.425, 0.425, 0.425, 0.425, 0.425]][0.0, 0.0, 182.469]      [5.217, 57.267, 172.985] [5.217, 57.267, 172.985] [8.139, 9.851, -13.459]  
90   [25.0, 56.0, 190.0]      [13.484, 33.573, 32.944] [[0.169, 0.169, 0.169, 0.169, 0.169, 0.169, 0.169, 0.169], [0.42, 0.42, 0.42, 0.42, 0.42, 0.42, 0.42, 0.42], [0.412, 0.412, 0.412, 0.412, 0.412, 0.412, 0.412, 0.412]][0.0, 0.0, 191.0]        [13.356, 67.118, 159.525][13.356, 67.118, 159.525][11.516, 22.427, -33.944]
91   [24.0, 54.0, 196.0]      [14.365, 33.566, 32.068] [[0.18, 0.18, 0.18, 0.18, 0.18, 0.18, 0.18, 0.18], [0.42, 0.42, 0.42, 0.42, 0.42, 0.42, 0.42, 0.42], [0.401, 0.401, 0.401, 0.401, 0.401, 0.401, 0.401, 0.401]][0.0, 0.0, 194.0]        [24.873, 89.545, 125.582][24.873, 89.545, 125.582][9.635, 20.434, -30.068] 
92   [25.0, 45.0, 202.0]      [13.953, 34.798, 31.249] [[0.174, 0.174, 0.174, 0.174, 0.174, 0.174, 0.174, 0.174], [0.435, 0.435, 0.435, 0.435, 0.435, 0.435, 0.435, 0.435], [0.391, 0.391, 0.391, 0.391, 0.391, 0.391, 0.391, 0.39]][0.0, 0.0, 192.0]        [34.508, 109.979, 95.513][34.508, 109.979, 95.513][11.047, 10.202, -21.249]
93   [3.0, 12.0, 43.0]        [13.906, 34.178, 31.916] [[0.174, 0.174, 0.174, 0.174, 0.174, 0.174, 0.174, 0.174], [0.427, 0.427, 0.427, 0.427, 0.427, 0.427, 0.427, 0.427], [0.399, 0.399, 0.399, 0.399, 0.399, 0.399, 0.399, 0.399]][0.0, 0.0, 11.084]       [45.555, 120.181, 74.264][45.555, 120.181, 74.264][-10.906, -22.178, 0.0]  
94   [5.0, 6.0, 41.0]         [13.852, 33.743, 32.405] [[0.173, 0.173, 0.173, 0.173, 0.173, 0.173, 0.173, 0.173], [0.422, 0.422, 0.422, 0.422, 0.422, 0.422, 0.422, 0.422], [0.405, 0.405, 0.405, 0.405, 0.405, 0.405, 0.405, 0.405]][0.0, 0.0, 0.0]          [34.648, 98.003, 74.264] [34.648, 98.003, 74.264] [-8.852, -27.743, 8.595] 
95   [5.0, 7.0, 33.0]         [15.17, 40.271, 24.559]  [[0.19, 0.19, 0.19, 0.19, 0.19, 0.19, 0.19, 0.19], [0.503, 0.503, 0.503, 0.503, 0.503, 0.503, 0.503, 0.503], [0.307, 0.307, 0.307, 0.307, 0.307, 0.307, 0.307, 0.307]][0.0, 0.0, 0.0]          [25.797, 70.26, 82.859]  [25.797, 70.26, 82.859]  [-10.17, -33.271, 8.441] 
96   [19.0, 28.0, 121.0]      [17.628, 45.365, 17.007] [[0.22, 0.22, 0.22, 0.22, 0.22, 0.22, 0.22, 0.22], [0.567, 0.567, 0.567, 0.567, 0.567, 0.567, 0.567, 0.567], [0.213, 0.213, 0.213, 0.213, 0.213, 0.213, 0.213, 0.213]][0.0, 0.0, 7.909]        [15.627, 36.989, 91.3]   [15.627, 36.989, 91.3]   [1.372, -17.365, 96.084] 
97   [8.0, 38.0, 121.0]       [23.345, 47.554, 9.1]    [[0.292, 0.292, 0.292, 0.292, 0.292, 0.292, 0.292, 0.292], [0.594, 0.594, 0.594, 0.594, 0.594, 0.594, 0.594, 0.594], [0.114, 0.114, 0.114, 0.114, 0.114, 0.114, 0.114, 0.114]][0.0, 0.0, 95.906]       [16.999, 19.623, 187.384][16.999, 19.623, 187.384][-15.345, -9.554, 15.993]
98   [18.0, 57.0, 223.0]      [19.654, 55.554, 2.792]  [[0.271, 0.271, 0.271, 0.271, 0.271, 0.271, 0.271, 0.271], [0.694, 0.694, 0.694, 0.694, 0.694, 0.694, 0.694, 0.694], [0.035, 0.035, 0.035, 0.035, 0.035, 0.035, 0.035, 0.035]][0.0, 11.514, 423.586]   [1.654, 10.069, 203.378] [1.654, 10.069, 203.378] [0.0, 0.0, 0.0]          
99   [23.0, 48.0, 238.0]      [20.0, 48.0, 10.0]       [[0.25, 0.25, 0.25, 0.25, 0.25, 0.25, 0.25, 0.25], [0.625, 0.625, 0.625, 0.625, 0.625, 0.625, 0.625, 0.625], [0.125, 0.125, 0.125, 0.125, 0.125, 0.125, 0.125, 0.125]][3.0, 0.0, 228.0]        [0.0, 0.0, 0.0]          [0.0, 0.0, 0.0]          [0.0, 0.0, 0.0]          
Sum  [ 1124.  2763. 11277.]   [1121.    2751.486 3940.37 ][8. 8. 8. 8. 8. 8. 8. 8. 8. 8. 8. 8. 8. 8. 8. 8. 8. 8. 8. 8. 8. 8. 8. 8.
 8. 8. 8. 8. 8. 8. 8. 8. 8. 8. 8. 8. 8. 8. 8. 8. 8. 8. 8. 8. 8. 8. 8. 8.
 8. 8. 8. 8. 8. 8. 8. 8. 8. 8. 8. 8. 8. 8. 8. 8. 8. 8. 8. 8. 8. 8. 8. 8.
 8. 8. 8. 8. 8. 8. 8. 8. 8. 8. 8. 8. 8. 8. 8. 8. 8. 8. 8. 8. 8. 8. 8. 8.
 8. 8. 8. 8.][3.00000e+00 1.15140e+01 7.33663e+03]
Total15164.0                  7812.856                 800.0                    7351.144                 
Total @ t=T                                                                     0.0                      0.0                      0.0                      

