
 t = 0
0.0
0.0
0.0
0.0
1.0
1.0
2.5
10.0
0.0
0.0
0.0
0.0
0.0
0.0
0.0
0.0
0.5
0.5
0.5
0.5
0.0
0.0
0.0
0.0
1.0
1.0
2.5
10.0
0.0
0.0
0.0
0.0
0.0
0.0
0.0
0.0
1.0
1.0
2.5
10.0

 t = 1
0.0
0.0
0.0
0.0
1.0
1.0
2.5
10.0
0.0
0.0
0.0
0.0
0.0
0.0
0.3
0.3
0.5
0.5
0.5
0.5
0.0
0.0
0.0
0.0
1.0
1.0
2.5
10.0
0.0
0.0
0.0
0.0
0.0
0.0
0.0
0.0
1.0
1.0
2.5
10.0

 t = 2
0.0
0.0
0.0
0.0
1.0
1.0
2.5
10.0
0.0
0.0
0.0
0.0
0.0
0.0
0.0
0.0
0.4
0.4
0.6
0.6
0.0
0.0
0.0
0.0
1.0
1.0
2.5
10.0
0.0
0.0
0.0
0.0
0.0
0.0
0.0
0.0
1.0
1.0
7.5
30.0

 t = 3
0.0
0.0
0.0
0.0
1.0
1.0
2.5
10.0
0.0
0.0
0.0
0.0
0.0
0.0
0.4
0.4
0.5
0.5
0.5
0.5
0.0
0.0
0.0
0.0
1.0
1.0
7.5
30.0
0.0
0.0
0.0
0.0
0.0
0.0
0.0
0.0
1.0
1.0
7.5
30.0

 t = 4
0.0
0.0
0.0
0.0
1.0
1.0
7.5
30.0
0.0
0.0
0.0
0.0
0.0
0.0
0.0
0.0
0.5
0.5
0.5
0.5
0.0
0.0
0.0
0.0
1.0
1.0
7.5
30.0
0.0
0.0
0.0
0.0
0.0
0.0
0.0
0.0
1.0
1.0
7.5
30.0

 t = 5
0.0
0.0
0.0
0.0
1.0
1.0
7.5
30.0
0.0
0.0
0.0
0.0
0.0
0.0
13.9
13.9
0.5
0.5
0.5
0.5
0.0
0.0
0.0
0.0
1.0
1.0
7.5
30.0
0.0
0.0
0.0
0.0
0.0
0.0
0.0
0.0
1.0
1.0
2.5
10.0

 t = 6
0.0
0.0
0.0
0.0
1.0
1.0
7.5
30.0
0.0
0.0
0.0
0.0
0.0
0.0
20.0
20.0
0.5
0.5
0.5
0.5
0.0
0.0
0.0
0.0
1.0
1.0
2.5
10.0
0.0
0.0
0.0
0.0
0.0
0.0
0.0
0.0
1.0
1.0
2.5
10.0

 t = 7
0.0
0.0
0.0
0.0
1.0
1.0
2.5
10.0
0.0
0.0
0.0
0.0
0.0
0.0
20.0
20.0
0.5
0.5
0.5
0.5
0.0
0.0
0.0
0.0
1.0
1.0
2.5
10.0
0.0
0.0
0.0
0.0
0.0
0.0
0.0
0.0
1.0
1.0
2.5
10.0

 t = 8
0.0
0.0
0.0
0.0
1.0
1.0
2.5
10.0
0.0
0.0
0.0
0.0
0.0
0.0
18.9
18.9
0.5
0.5
0.5
0.5
0.0
0.0
0.0
0.0
1.0
1.0
2.5
10.0
0.0
0.0
0.0
0.0
0.0
0.0
0.0
0.0
1.0
1.0
12.5
50.0

 t = 9
0.0
0.0
0.0
0.0
1.0
1.0
2.5
10.0
0.0
0.0
0.0
0.0
0.0
0.0
20.0
20.0
0.5
0.5
0.5
0.5
0.0
0.0
0.0
0.0
1.0
1.0
12.5
50.0
0.0
0.0
0.0
0.0
0.0
0.0
0.0
0.0
1.0
1.0
12.5
50.0

 t = 10
0.0
0.0
0.0
0.0
1.0
1.0
12.5
50.0
0.0
0.0
0.0
0.0
0.0
0.0
19.4
19.4
0.5
0.5
0.5
0.5
0.0
0.0
0.0
0.0
1.0
1.0
12.5
50.0
0.0
0.0
0.0
0.0
0.0
0.0
0.0
0.0
1.0
1.0
2.5
10.0

 t = 11
0.0
0.0
0.0
0.0
1.0
1.0
12.5
50.0
0.0
0.0
0.0
0.0
0.7
0.7
19.3
19.3
0.5
0.5
0.5
0.5
0.0
0.0
0.0
0.0
1.0
1.0
2.5
10.0
0.0
0.0
0.0
0.0
0.0
0.0
0.0
0.0
1.0
1.0
2.5
10.0

 t = 12
0.0
0.0
0.0
0.0
1.0
1.0
2.5
10.0
0.0
0.0
0.0
0.0
1.3
1.3
18.7
18.7
0.5
0.5
0.5
0.5
0.0
0.0
0.0
0.0
1.0
1.0
2.5
10.0
0.0
0.0
0.0
0.0
0.0
0.0
0.0
0.0
1.0
1.0
2.5
10.0

 t = 13
0.0
0.0
0.0
0.0
1.0
1.0
2.5
10.0
0.0
0.0
0.0
0.0
0.0
0.0
18.5
18.5
0.5
0.5
0.5
0.5
0.0
0.0
0.0
0.0
1.0
1.0
2.5
10.0
0.0
0.0
0.0
0.0
0.0
0.0
0.0
0.0
1.0
1.0
2.5
10.0

 t = 14
0.0
0.0
0.0
0.0
1.0
1.0
2.5
10.0
0.0
0.0
0.0
0.0
0.0
0.0
16.3
16.3
0.5
0.5
0.5
0.5
0.0
0.0
0.0
0.0
1.0
1.0
2.5
10.0
0.0
0.0
0.0
0.0
0.0
0.0
0.0
0.0
1.0
1.0
2.5
10.0

 t = 15
0.0
0.0
0.0
0.0
1.0
1.0
2.5
10.0
0.0
0.0
0.0
0.0
0.0
0.0
16.6
16.6
0.5
0.5
0.5
0.5
0.0
0.0
0.0
0.0
1.0
1.0
2.5
10.0
0.0
0.0
0.0
0.0
0.0
0.0
0.0
0.0
1.0
1.0
12.5
50.0

 t = 16
0.0
0.0
0.0
0.0
1.0
1.0
2.5
10.0
0.0
0.0
0.0
0.0
0.0
0.0
16.9
16.9
0.5
0.5
0.5
0.5
0.0
0.0
0.0
0.0
1.0
1.0
12.5
50.0
0.0
0.0
0.0
0.0
0.0
0.0
0.0
0.0
1.0
1.0
12.5
50.0

 t = 17
0.0
0.0
0.0
0.0
1.0
1.0
12.5
50.0
0.0
0.0
0.0
0.0
0.0
0.0
16.2
16.2
0.5
0.5
0.5
0.5
0.0
0.0
0.0
0.0
1.0
1.0
12.5
50.0
0.0
0.0
0.0
0.0
0.0
0.0
0.0
0.0
1.0
1.0
12.5
50.0

 t = 18
0.0
0.0
0.0
0.0
1.0
1.0
12.5
50.0
0.0
0.0
0.0
0.0
4.7
4.7
15.3
15.3
0.5
0.5
0.5
0.5
0.0
0.0
0.0
0.0
1.0
1.0
12.5
50.0
0.0
0.0
0.0
0.0
0.0
0.0
0.0
0.0
1.0
1.0
12.5
50.0

 t = 19
0.0
0.0
0.0
0.0
1.0
1.0
12.5
50.0
0.0
0.0
0.0
0.0
6.4
6.4
13.6
13.6
0.5
0.5
0.5
0.5
0.0
0.0
0.0
0.0
1.0
1.0
12.5
50.0
0.0
0.0
0.0
0.0
0.0
0.0
0.0
0.0
1.0
1.0
12.5
50.0

 t = 20
0.0
0.0
0.0
0.0
1.0
1.0
12.5
50.0
0.0
0.0
0.0
0.0
5.7
5.7
13.6
13.6
0.5
0.5
0.5
0.5
0.0
0.0
0.0
0.0
1.0
1.0
12.5
50.0
0.0
0.0
0.0
0.0
0.0
0.0
0.0
0.0
1.0
1.0
12.5
50.0

 t = 21
0.0
0.0
0.0
0.0
1.0
1.0
12.5
50.0
0.0
0.0
0.0
0.0
6.4
6.4
13.6
13.6
0.5
0.5
0.5
0.5
0.0
0.0
0.0
0.0
1.0
1.0
12.5
50.0
0.0
0.0
0.0
0.0
0.0
0.0
0.0
0.0
1.0
1.0
12.5
50.0

 t = 22
0.0
0.0
0.0
0.0
1.0
1.0
12.5
50.0
0.0
0.0
0.0
0.0
6.6
6.6
13.4
13.4
0.5
0.5
0.5
0.5
0.0
0.0
0.0
0.0
1.0
1.0
12.5
50.0
0.0
0.0
0.0
0.0
0.0
0.0
0.0
0.0
1.0
1.0
12.5
50.0

 t = 23
0.0
0.0
0.0
0.0
1.0
1.0
12.5
50.0
0.0
0.0
0.0
0.0
5.4
5.4
13.4
13.4
0.5
0.5
0.5
0.5
0.0
0.0
0.0
0.0
1.0
1.0
12.5
50.0
0.0
0.0
0.0
0.0
0.0
0.0
0.0
0.0
1.0
1.0
12.5
50.0

 t = 24
0.0
0.0
0.0
0.0
1.0
1.0
12.5
50.0
0.0
0.0
0.0
0.0
7.7
7.7
12.3
12.3
0.5
0.5
0.5
0.5
0.0
0.0
0.0
0.0
1.0
1.0
12.5
50.0
0.0
0.0
0.0
0.0
0.0
0.0
0.0
0.0
1.0
1.0
12.5
50.0

 t = 25
0.0
0.0
0.0
0.0
1.0
1.0
12.5
50.0
0.0
0.0
0.0
0.0
10.0
10.0
10.0
10.0
0.5
0.5
0.5
0.5
0.0
0.0
0.0
0.0
1.0
1.0
12.5
50.0
0.0
0.0
0.0
0.0
0.0
0.0
0.0
0.0
1.0
1.0
12.5
50.0

 t = 26
0.0
0.0
0.0
0.0
1.0
1.0
12.5
50.0
0.0
0.0
0.0
0.0
11.3
11.3
8.7
8.7
0.5
0.5
0.5
0.5
0.0
0.0
0.0
0.0
1.0
1.0
12.5
50.0
0.0
0.0
0.0
0.0
0.0
0.0
0.0
0.0
1.0
1.0
12.5
50.0

 t = 27
0.0
0.0
0.0
0.0
1.0
1.0
12.5
50.0
0.0
0.0
0.0
0.0
10.1
10.1
8.7
8.7
0.5
0.5
0.5
0.5
0.0
0.0
0.0
0.0
1.0
1.0
12.5
50.0
0.0
0.0
0.0
0.0
0.0
0.0
0.0
0.0
1.0
1.0
7.5
30.0

 t = 28
0.0
0.0
0.0
0.0
1.0
1.0
12.5
50.0
0.0
0.0
0.0
0.0
10.9
10.9
9.1
9.1
0.5
0.5
0.5
0.5
0.0
0.0
0.0
0.0
1.0
1.0
7.5
30.0
0.0
0.0
0.0
0.0
0.0
0.0
0.0
0.0
1.0
1.0
7.5
30.0

 t = 29
0.0
0.0
0.0
0.0
1.0
1.0
7.5
30.0
0.0
0.0
0.0
0.0
12.7
12.7
7.3
7.3
0.5
0.5
0.5
0.5
0.0
0.0
0.0
0.0
1.0
1.0
7.5
30.0
0.0
0.0
0.0
0.0
0.0
0.0
0.0
0.0
1.0
1.0
7.5
30.0

 t = 30
0.0
0.0
0.0
0.0
1.0
1.0
7.5
30.0
0.0
0.0
0.0
0.0
12.5
12.5
7.3
7.3
0.5
0.5
0.5
0.5
0.0
0.0
0.0
0.0
1.0
1.0
7.5
30.0
0.0
0.0
0.0
0.0
0.0
0.0
0.0
0.0
1.0
1.0
2.5
10.0

 t = 31
0.0
0.0
0.0
0.0
1.0
1.0
7.5
30.0
0.0
0.0
0.0
0.0
11.3
11.3
7.5
7.5
0.5
0.5
0.5
0.5
0.0
0.0
0.0
0.0
1.0
1.0
2.5
10.0
0.0
0.0
0.0
0.0
0.0
0.0
0.0
0.0
1.0
1.0
2.5
10.0

 t = 32
0.0
0.0
0.0
0.0
1.0
1.0
2.5
10.0
0.0
0.0
0.0
0.0
11.1
11.1
8.7
8.7
0.5
0.5
0.5
0.5
0.0
0.0
0.0
0.0
1.0
1.0
2.5
10.0
0.0
0.0
0.0
0.0
0.0
0.0
0.0
0.0
1.0
1.0
12.5
50.0

 t = 33
0.0
0.0
0.0
0.0
1.0
1.0
2.5
10.0
0.0
0.0
0.0
0.0
7.3
7.3
7.9
7.9
0.5
0.5
0.5
0.5
0.0
0.0
0.0
0.0
1.0
1.0
12.5
50.0
0.0
0.0
0.0
0.0
0.0
0.0
0.0
0.0
1.0
1.0
12.5
50.0

 t = 34
0.0
0.0
0.0
0.0
1.0
1.0
12.5
50.0
0.0
0.0
0.0
0.0
2.6
2.6
9.2
9.2
0.5
0.5
0.5
0.5
0.0
0.0
0.0
0.0
1.0
1.0
12.5
50.0
0.0
0.0
0.0
0.0
0.0
0.0
0.0
0.0
1.0
1.0
12.5
50.0

 t = 35
0.0
0.0
0.0
0.0
1.0
1.0
12.5
50.0
0.0
0.0
0.0
0.0
5.3
5.3
14.7
14.7
0.4
0.4
0.6
0.6
0.0
0.0
0.0
0.0
1.0
1.0
12.5
50.0
0.0
0.0
0.0
0.0
0.0
0.0
0.0
0.0
1.0
1.0
12.5
50.0

 t = 36
0.0
0.0
0.0
0.0
1.0
1.0
12.5
50.0
0.0
0.0
0.0
0.0
9.5
9.5
10.5
10.5
0.4
0.4
0.6
0.6
0.0
0.0
0.0
0.0
1.0
1.0
12.5
50.0
0.0
0.0
0.0
0.0
0.0
0.0
0.0
0.0
1.0
1.0
12.5
50.0

 t = 37
0.0
0.0
0.0
0.0
1.0
1.0
12.5
50.0
0.0
0.0
0.0
0.0
14.0
14.0
6.0
6.0
0.4
0.4
0.6
0.6
0.0
0.0
0.0
0.0
1.0
1.0
12.5
50.0
0.0
0.0
0.0
0.0
0.0
0.0
0.0
0.0
1.0
1.0
7.5
30.0

 t = 38
0.0
0.0
0.0
0.0
1.0
1.0
12.5
50.0
0.0
0.0
0.0
0.0
16.0
16.0
4.0
4.0
0.5
0.5
0.5
0.5
0.0
0.0
0.0
0.0
1.0
1.0
7.5
30.0
0.0
0.0
0.0
0.0
0.0
0.0
0.0
0.0
1.0
1.0
7.5
30.0

 t = 39
0.0
0.0
0.0
0.0
1.0
1.0
7.5
30.0
0.0
0.0
0.0
0.0
17.0
17.0
3.0
3.0
0.5
0.5
0.5
0.5
0.0
0.0
0.0
0.0
1.0
1.0
7.5
30.0
0.0
0.0
0.0
0.0
0.0
0.0
0.0
0.0
1.0
1.0
12.5
50.0

 t = 40
0.0
0.0
0.0
0.0
1.0
1.0
7.5
30.0
0.0
0.0
0.0
0.0
17.9
17.9
2.1
2.1
0.5
0.5
0.5
0.5
0.0
0.0
0.0
0.0
1.0
1.0
12.5
50.0
0.0
0.0
0.0
0.0
0.0
0.0
0.0
0.0
1.0
1.0
7.5
30.0

 t = 41
0.0
0.0
0.0
0.0
1.0
1.0
12.5
50.0
0.0
0.0
0.0
0.0
15.4
15.4
2.1
2.1
0.5
0.5
0.5
0.5
0.0
0.0
0.0
0.0
1.0
1.0
7.5
30.0
0.0
0.0
0.0
0.0
0.0
0.0
0.0
0.0
1.0
1.0
2.5
10.0

 t = 42
0.0
0.0
0.0
0.0
1.0
1.0
7.5
30.0
0.0
0.0
0.0
0.0
17.9
17.9
2.1
2.1
0.5
0.5
0.5
0.5
0.0
0.0
0.0
0.0
1.0
1.0
2.5
10.0
0.0
0.0
0.0
0.0
0.0
0.0
0.0
0.0
1.0
1.0
2.5
10.0

 t = 43
0.0
0.0
0.0
0.0
1.0
1.0
2.5
10.0
0.0
0.0
0.0
0.0
15.8
15.8
2.1
2.1
0.5
0.5
0.5
0.5
0.0
0.0
0.0
0.0
1.0
1.0
2.5
10.0
0.0
0.0
0.0
0.0
0.0
0.0
0.0
0.0
1.0
1.0
7.5
30.0

 t = 44
0.0
0.0
0.0
0.0
1.0
1.0
2.5
10.0
0.0
0.0
0.0
0.0
12.3
12.3
1.2
1.2
0.5
0.5
0.5
0.5
0.0
0.0
0.0
0.0
1.0
1.0
7.5
30.0
0.0
0.0
0.0
0.0
0.0
0.0
0.0
0.0
1.0
1.0
7.5
30.0

 t = 45
0.0
0.0
0.0
0.0
1.0
1.0
7.5
30.0
0.0
0.0
0.0
0.0
7.8
7.8
3.2
3.2
0.5
0.5
0.5
0.5
0.0
0.0
0.0
0.0
1.0
1.0
7.5
30.0
0.0
0.0
0.0
0.0
0.0
0.0
0.0
0.0
1.0
1.0
7.5
30.0

 t = 46
0.0
0.0
0.0
0.0
1.0
1.0
7.5
30.0
0.0
0.0
0.0
0.0
7.7
7.7
12.2
12.2
0.5
0.5
0.5
0.5
0.0
0.0
0.0
0.0
1.0
1.0
7.5
30.0
0.0
0.0
0.0
0.0
0.0
0.0
0.0
0.0
1.0
1.0
7.5
30.0

 t = 47
0.0
0.0
0.0
0.0
1.0
1.0
7.5
30.0
0.0
0.0
0.0
0.0
7.2
7.2
12.3
12.3
0.5
0.5
0.5
0.5
0.0
0.0
0.0
0.0
1.0
1.0
7.5
30.0
0.0
0.0
0.0
0.0
0.0
0.0
0.0
0.0
1.0
1.0
7.5
30.0

 t = 48
0.0
0.0
0.0
0.0
1.0
1.0
7.5
30.0
0.0
0.0
0.0
0.0
8.7
8.7
11.3
11.3
0.5
0.5
0.5
0.5
0.0
0.0
0.0
0.0
1.0
1.0
7.5
30.0
0.0
0.0
0.0
0.0
0.0
0.0
0.0
0.0
1.0
1.0
7.5
30.0

 t = 49
0.0
0.0
0.0
0.0
1.0
1.0
7.5
30.0
0.0
0.0
0.0
0.0
8.7
8.7
11.3
11.3
0.5
0.5
0.5
0.5
0.0
0.0
0.0
0.0
1.0
1.0
7.5
30.0
0.0
0.0
0.0
0.0
0.0
0.0
0.0
0.0
1.0
1.0
7.5
30.0

 t = 50
0.0
0.0
0.0
0.0
1.0
1.0
7.5
30.0
0.0
0.0
0.0
0.0
7.2
7.2
11.3
11.3
0.5
0.5
0.5
0.5
0.0
0.0
0.0
0.0
1.0
1.0
7.5
30.0
0.0
0.0
0.0
0.0
0.0
0.0
0.0
0.0
1.0
1.0
7.5
30.0

 t = 51
0.0
0.0
0.0
0.0
1.0
1.0
7.5
30.0
0.0
0.0
0.0
0.0
4.7
4.7
12.8
12.8
0.5
0.5
0.5
0.5
0.0
0.0
0.0
0.0
1.0
1.0
7.5
30.0
0.0
0.0
0.0
0.0
0.0
0.0
0.0
0.0
1.0
1.0
12.5
50.0

 t = 52
0.0
0.0
0.0
0.0
1.0
1.0
7.5
30.0
0.0
0.0
0.0
0.0
4.7
4.7
15.3
15.3
0.5
0.5
0.5
0.5
0.0
0.0
0.0
0.0
1.0
1.0
12.5
50.0
0.0
0.0
0.0
0.0
0.0
0.0
0.0
0.0
1.0
1.0
12.5
50.0

 t = 53
0.0
0.0
0.0
0.0
1.0
1.0
12.5
50.0
0.0
0.0
0.0
0.0
1.7
1.7
15.3
15.3
0.5
0.5
0.5
0.5
0.0
0.0
0.0
0.0
1.0
1.0
12.5
50.0
0.0
0.0
0.0
0.0
0.0
0.0
0.0
0.0
1.0
1.0
12.5
50.0

 t = 54
0.0
0.0
0.0
0.0
1.0
1.0
12.5
50.0
0.0
0.0
0.0
0.0
1.2
1.2
18.3
18.3
0.4
0.4
0.6
0.6
0.0
0.0
0.0
0.0
1.0
1.0
12.5
50.0
0.0
0.0
0.0
0.0
0.0
0.0
0.0
0.0
1.0
1.0
12.5
50.0

 t = 55
0.0
0.0
0.0
0.0
1.0
1.0
12.5
50.0
0.0
0.0
0.0
0.0
4.7
4.7
15.3
15.3
0.4
0.4
0.6
0.6
0.0
0.0
0.0
0.0
1.0
1.0
12.5
50.0
0.0
0.0
0.0
0.0
0.0
0.0
0.0
0.0
1.0
1.0
12.5
50.0

 t = 56
0.0
0.0
0.0
0.0
1.0
1.0
12.5
50.0
0.0
0.0
0.0
0.0
8.7
8.7
11.3
11.3
0.5
0.5
0.5
0.5
0.0
0.0
0.0
0.0
1.0
1.0
12.5
50.0
0.0
0.0
0.0
0.0
0.0
0.0
0.0
0.0
1.0
1.0
12.5
50.0

 t = 57
0.0
0.0
0.0
0.0
1.0
1.0
12.5
50.0
0.0
0.0
0.0
0.0
9.1
9.1
10.9
10.9
0.5
0.5
0.5
0.5
0.0
0.0
0.0
0.0
1.0
1.0
12.5
50.0
0.0
0.0
0.0
0.0
0.0
0.0
0.0
0.0
1.0
1.0
7.5
30.0

 t = 58
0.0
0.0
0.0
0.0
1.0
1.0
12.5
50.0
0.0
0.0
0.0
0.0
12.6
12.6
7.4
7.4
0.5
0.5
0.5
0.5
0.0
0.0
0.0
0.0
1.0
1.0
7.5
30.0
0.0
0.0
0.0
0.0
0.0
0.0
0.0
0.0
1.0
1.0
7.5
30.0

 t = 59
0.0
0.0
0.0
0.0
1.0
1.0
7.5
30.0
0.0
0.0
0.0
0.0
19.0
19.0
1.0
1.0
0.5
0.5
0.5
0.5
0.0
0.0
0.0
0.0
1.0
1.0
7.5
30.0
0.0
0.0
0.0
0.0
0.0
0.0
0.0
0.0
1.0
1.0
12.5
50.0

 t = 60
0.0
0.0
0.0
0.0
1.0
1.0
7.5
30.0
0.0
0.0
0.0
0.0
20.0
20.0
0.0
0.0
0.5
0.5
0.5
0.5
0.0
0.0
0.0
0.0
1.0
1.0
12.5
50.0
0.0
0.0
0.0
0.0
0.0
0.0
0.0
0.0
1.0
1.0
12.5
50.0

 t = 61
0.0
0.0
0.0
0.0
1.0
1.0
12.5
50.0
0.0
0.0
0.0
0.0
18.9
18.9
0.0
0.0
0.5
0.5
0.5
0.5
0.0
0.0
0.0
0.0
1.0
1.0
12.5
50.0
0.0
0.0
0.0
0.0
0.0
0.0
0.0
0.0
1.0
1.0
12.5
50.0

 t = 62
0.0
0.0
0.0
0.0
1.0
1.0
12.5
50.0
0.0
0.0
0.0
0.0
17.3
17.3
1.1
1.1
0.5
0.5
0.5
0.5
0.0
0.0
0.0
0.0
1.0
1.0
12.5
50.0
0.0
0.0
0.0
0.0
0.0
0.0
0.0
0.0
1.0
1.0
12.5
50.0

 t = 63
0.0
0.0
0.0
0.0
1.0
1.0
12.5
50.0
0.0
0.0
0.0
0.0
20.0
20.0
0.0
0.0
0.5
0.5
0.5
0.5
0.0
0.0
0.0
0.0
1.0
1.0
12.5
50.0
0.0
0.0
0.0
0.0
0.0
0.0
0.0
0.0
1.0
1.0
12.5
50.0

 t = 64
0.0
0.0
0.0
0.0
1.0
1.0
12.5
50.0
0.0
0.0
0.0
0.0
20.0
20.0
0.0
0.0
0.5
0.5
0.5
0.5
0.0
0.0
0.0
0.0
1.0
1.0
12.5
50.0
0.0
0.0
0.0
0.0
0.0
0.0
0.0
0.0
1.0
1.0
7.5
30.0

 t = 65
0.0
0.0
0.0
0.0
1.0
1.0
12.5
50.0
0.0
0.0
0.0
0.0
20.0
20.0
0.0
0.0
0.5
0.5
0.5
0.5
0.0
0.0
0.0
0.0
1.0
1.0
7.5
30.0
0.0
0.0
0.0
0.0
0.0
0.0
0.0
0.0
1.0
1.0
12.5
50.0

 t = 66
0.0
0.0
0.0
0.0
1.0
1.0
7.5
30.0
0.0
0.0
0.0
0.0
17.9
17.9
0.0
0.0
0.5
0.5
0.5
0.5
0.0
0.0
0.0
0.0
1.0
1.0
12.5
50.0
0.0
0.0
0.0
0.0
0.0
0.0
0.0
0.0
1.0
1.0
12.5
50.0

 t = 67
0.0
0.0
0.0
0.0
1.0
1.0
12.5
50.0
0.0
0.0
0.0
0.0
17.8
17.8
2.1
2.1
0.5
0.5
0.5
0.5
0.0
0.0
0.0
0.0
1.0
1.0
12.5
50.0
0.0
0.0
0.0
0.0
0.0
0.0
0.0
0.0
1.0
1.0
7.5
30.0

 t = 68
0.0
0.0
0.0
0.0
1.0
1.0
12.5
50.0
0.0
0.0
0.0
0.0
17.3
17.3
2.2
2.2
0.5
0.5
0.5
0.5
0.0
0.0
0.0
0.0
1.0
1.0
7.5
30.0
0.0
0.0
0.0
0.0
0.0
0.0
0.0
0.0
1.0
1.0
7.5
30.0

 t = 69
0.0
0.0
0.0
0.0
1.0
1.0
7.5
30.0
0.0
0.0
0.0
0.0
19.2
19.2
0.8
0.8
0.5
0.5
0.5
0.5
0.0
0.0
0.0
0.0
1.0
1.0
7.5
30.0
0.0
0.0
0.0
0.0
0.0
0.0
0.0
0.0
1.0
1.0
7.5
30.0

 t = 70
0.0
0.0
0.0
0.0
1.0
1.0
7.5
30.0
0.0
0.0
0.0
0.0
17.6
17.6
0.8
0.8
0.5
0.5
0.5
0.5
0.0
0.0
0.0
0.0
1.0
1.0
7.5
30.0
0.0
0.0
0.0
0.0
0.0
0.0
0.0
0.0
1.0
1.0
7.5
30.0

 t = 71
0.0
0.0
0.0
0.0
1.0
1.0
7.5
30.0
0.0
0.0
0.0
0.0
18.1
18.1
1.9
1.9
0.5
0.5
0.5
0.5
0.0
0.0
0.0
0.0
1.0
1.0
7.5
30.0
0.0
0.0
0.0
0.0
0.0
0.0
0.0
0.0
1.0
1.0
7.5
30.0

 t = 72
0.0
0.0
0.0
0.0
1.0
1.0
7.5
30.0
0.0
0.0
0.0
0.0
19.0
19.0
1.0
1.0
0.5
0.5
0.5
0.5
0.0
0.0
0.0
0.0
1.0
1.0
7.5
30.0
0.0
0.0
0.0
0.0
0.0
0.0
0.0
0.0
1.0
1.0
12.5
50.0

 t = 73
0.0
0.0
0.0
0.0
1.0
1.0
7.5
30.0
0.0
0.0
0.0
0.0
16.4
16.4
1.0
1.0
0.5
0.5
0.5
0.5
0.0
0.0
0.0
0.0
1.0
1.0
12.5
50.0
0.0
0.0
0.0
0.0
0.0
0.0
0.0
0.0
1.0
1.0
7.5
30.0

 t = 74
0.0
0.0
0.0
0.0
1.0
1.0
12.5
50.0
0.0
0.0
0.0
0.0
16.8
16.8
3.2
3.2
0.5
0.5
0.5
0.5
0.0
0.0
0.0
0.0
1.0
1.0
7.5
30.0
0.0
0.0
0.0
0.0
0.0
0.0
0.0
0.0
1.0
1.0
7.5
30.0

 t = 75
0.0
0.0
0.0
0.0
1.0
1.0
7.5
30.0
0.0
0.0
0.0
0.0
17.3
17.3
2.7
2.7
0.5
0.5
0.5
0.5
0.0
0.0
0.0
0.0
1.0
1.0
7.5
30.0
0.0
0.0
0.0
0.0
0.0
0.0
0.0
0.0
1.0
1.0
7.5
30.0

 t = 76
0.0
0.0
0.0
0.0
1.0
1.0
7.5
30.0
0.0
0.0
0.0
0.0
17.2
17.2
2.7
2.7
0.5
0.5
0.5
0.5
0.0
0.0
0.0
0.0
1.0
1.0
7.5
30.0
0.0
0.0
0.0
0.0
0.0
0.0
0.0
0.0
1.0
1.0
2.5
10.0

 t = 77
0.0
0.0
0.0
0.0
1.0
1.0
7.5
30.0
0.0
0.0
0.0
0.0
18.1
18.1
1.9
1.9
0.5
0.5
0.5
0.5
0.0
0.0
0.0
0.0
1.0
1.0
2.5
10.0
0.0
0.0
0.0
0.0
0.0
0.0
0.0
0.0
1.0
1.0
2.5
10.0

 t = 78
0.0
0.0
0.0
0.0
1.0
1.0
2.5
10.0
0.0
0.0
0.0
0.0
15.6
15.6
1.9
1.9
0.5
0.5
0.5
0.5
0.0
0.0
0.0
0.0
1.0
1.0
2.5
10.0
0.0
0.0
0.0
0.0
0.0
0.0
0.0
0.0
1.0
1.0
2.5
10.0

 t = 79
0.0
0.0
0.0
0.0
1.0
1.0
2.5
10.0
0.0
0.0
0.0
0.0
11.4
11.4
0.5
0.5
0.5
0.5
0.5
0.5
0.0
0.0
0.0
0.0
1.0
1.0
2.5
10.0
0.0
0.0
0.0
0.0
0.0
0.0
0.0
0.0
1.0
1.0
2.5
10.0

 t = 80
0.0
0.0
0.0
0.0
1.0
1.0
2.5
10.0
0.0
0.0
0.0
0.0
8.7
8.7
1.8
1.8
0.5
0.5
0.5
0.5
0.0
0.0
0.0
0.0
1.0
1.0
2.5
10.0
0.0
0.0
0.0
0.0
0.0
0.0
0.0
0.0
1.0
1.0
7.5
30.0

 t = 81
0.0
0.0
0.0
0.0
1.0
1.0
2.5
10.0
0.0
0.0
0.0
0.0
3.7
3.7
2.2
2.2
0.6
0.6
0.4
0.4
0.0
0.0
0.0
0.0
1.0
1.0
7.5
30.0
0.0
0.0
0.0
0.0
0.0
0.0
0.0
0.0
1.0
1.0
7.5
30.0

 t = 82
0.0
0.0
0.0
0.0
1.0
1.0
7.5
30.0
0.0
0.0
0.0
0.0
0.0
0.0
0.0
0.0
0.5
0.5
0.5
0.5
0.0
0.0
0.0
0.0
1.0
1.0
7.5
30.0
0.0
0.0
0.0
0.0
0.0
0.0
0.0
0.0
1.0
1.0
7.5
30.0

 t = 83
0.0
0.0
0.0
0.0
1.0
1.0
7.5
30.0
0.0
0.0
0.0
0.0
0.0
0.0
8.2
8.2
0.5
0.5
0.5
0.5
0.0
0.0
0.0
0.0
1.0
1.0
7.5
30.0
0.0
0.0
0.0
0.0
0.0
0.0
0.0
0.0
1.0
1.0
12.5
50.0

 t = 84
0.0
0.0
0.0
0.0
1.0
1.0
7.5
30.0
0.0
0.0
0.0
0.0
0.0
0.0
16.0
16.0
0.4
0.4
0.6
0.6
0.0
0.0
0.0
0.0
1.0
1.0
12.5
50.0
0.0
0.0
0.0
0.0
0.0
0.0
0.0
0.0
1.0
1.0
12.5
50.0

 t = 85
0.0
0.0
0.0
0.0
1.0
1.0
12.5
50.0
0.0
0.0
0.0
0.0
0.0
0.0
20.0
20.0
0.4
0.4
0.6
0.6
0.0
0.0
0.0
0.0
1.0
1.0
12.5
50.0
0.0
0.0
0.0
0.0
0.0
0.0
0.0
0.0
1.0
1.0
12.5
50.0
